# x1 x2 y

1024 5000 44.7871663381
1024 4750 43.5092313575
1024 4500 41.4936096505
1024 4250 40.5287463711
1024 4000 37.9333890208
1024 3750 37.4450321418
1024 3500 35.4779893744
1024 3250 34.4365566716
1024 3000 32.4236391369
1024 2750 31.1775172535
1024 2500 28.6130362141
1024 2250 26.8261299624
1024 2000 23.8083777113
1024 1750 21.1616516113
1024 1500 18.8370921777
1024 1250 15.7378984233
1024 1000 18.9151912541
1024 750 9.06638728762
1024 500 7.9833984375
1024 250 2.31370192308
1024 200 0.777994791667
1024 150 0.274188701923
1024 125 0.177633351293
1024 100 0.0992313508065
1024 75 0.0434027777778
1024 50 0.0244140625
1024 25 0.0244140625

896 5000 48.1958563768
896 4750 46.7549163716
896 4500 44.6933196691
896 4250 43.7024452169
896 4000 41.2595679596
896 3750 40.7713097353
896 3500 38.70413678
896 3250 37.6083977714
896 3000 35.6680862404
896 2750 34.3131825098
896 2500 31.4910548327
896 2250 29.6038755846
896 2000 26.6567216753
896 1750 23.5491843262
896 1500 20.9998082822
896 1250 17.6028054428
896 1000 14.6978969568
896 750 10.1642219388
896 500 6.58947172619
896 250 2.64423076923
896 200 4.44568452381
896 150 2.71577380952
896 125 1.56994047619
896 100 1.00446428571
896 75 0.669642857143
896 50 0.223214285714
896 25 0.0558035714286

768 5000 52.1910948559
768 4750 50.7688466037
768 4500 48.628055373
768 4250 47.7149011363
768 4000 45.0709098883
768 3750 44.7272744532
768 3500 42.4948001501
768 3250 41.4799099256
768 3000 39.3920463335
768 2750 38.0088969547
768 2500 35.1331059663
768 2250 32.9667103441
768 2000 29.8171587527
768 1750 26.952153296
768 1500 23.7706163194
768 1250 20.0036494377
768 1000 16.7410313398
768 750 17.5368617958
768 500 10.64453125
768 250 3.08493589744
768 200 5.18663194444
768 150 3.16840277778
768 125 1.96242559524
768 100 1.171875
768 75 0.625
768 50 0.390625
768 25 0.0651041666667

640 5000 56.9640664877
640 4750 55.5331620162
640 4500 53.270620144
640 4250 52.4419742153
640 4000 49.3665337229
640 3750 49.4516162888
640 3500 47.0954605452
640 3250 46.1592366858
640 3000 44.0069685282
640 2750 42.7206770059
640 2500 39.5911575697
640 2250 37.4210710945
640 2000 34.1189531734
640 1750 30.8962856448
640 1500 27.7003251445
640 1250 23.2015572742
640 1000 19.5827862395
640 750 14.94140625
640 500 8.97592905405
640 250 3.70192307692
640 200 6.22395833333
640 150 2.97554347826
640 125 2.19791666667
640 100 1.640625
640 75 0.9375
640 50 0.46875
640 25 0.078125

512 5000 62.7537589123
512 4750 61.4075060479
512 4500 59.0785905684
512 4250 58.375904014
512 4000 55.418015426
512 3750 55.2618718724
512 3500 52.9051095435
512 3250 52.0243418971
512 3000 49.844608866
512 2750 48.6316231817
512 2500 45.4945958647
512 2250 43.3610009105
512 2000 39.7103699733
512 1750 36.4695293375
512 1500 32.6441161444
512 1250 28.3848838993
512 1000 23.5389046717
512 750 18.4007466133
512 500 16.2798713235
512 250 5.01302083333
512 200 5.49172794118
512 150 4.07366071429
512 125 2.94363839286
512 100 2.4609375
512 75 1.5625
512 50 0.5859375
512 25 0.1953125

384 5000 69.6441166688
384 4750 68.3909969197
384 4500 66.0790437143
384 4250 65.5781285411
384 4000 62.4129350653
384 3750 62.6518066095
384 3500 60.1254963652
384 3250 59.5196597776
384 3000 57.3574090635
384 2750 56.2893968157
384 2500 53.098416163
384 2250 51.0035763464
384 2000 47.2290300634
384 1750 43.9463207504
384 1500 39.8151898471
384 1250 35.2503334604
384 1000 29.761833493
384 750 23.3824823944
384 500 16.2798713235
384 250 6.68402777778
384 200 10.6696428571
384 150 5.18465909091
384 125 4.22676282051
384 100 3.28125
384 75 2.08333333333
384 50 1.5625
384 25 0.260416666667

256 5000 79.1569860544
256 4750 77.1926860085
256 4500 75.7270920136
256 4250 74.6894505585
256 4000 71.4842759739
256 3750 72.1618213624
256 3500 69.7581164859
256 3250 69.5457847569
256 3000 67.4795909038
256 2750 66.8894939428
256 2500 63.712964704
256 2250 61.8860225866
256 2000 58.0878235031
256 1750 54.9988102792
256 1500 50.4225194655
256 1250 45.8207769155
256 1000 39.8350694444
256 750 32.2013065733
256 500 23.0631510417
256 250 12.03125
256 200 15.5598958333
256 150 7.77698863636
256 125 6.34014423077
256 100 4.1015625
256 75 3.125
256 50 1.171875
256 25 0.390625

128 5000 89.0754791459
128 4750 88.4589195339
128 4500 86.2221330932
128 4250 86.6270241767
128 4000 84.5454558231
128 3750 84.9705648975
128 3500 83.9078462646
128 3250 83.4098504279
128 3000 82.8212888253
128 2750 82.1524652523
128 2500 79.179671852
128 2250 78.2533744131
128 2000 75.0198902314
128 1750 72.7609413156
128 1500 68.4202776985
128 1250 64.5327034884
128 1000 58.1860564919
128 750 50.6488347458
128 500 39.5368303571
128 250 21.875
128 200 21.9669117647
128 150 17.109375
128 125 11.7745535714
128 100 7.03125
128 75 6.25
128 50 4.6875
128 25 0.78125

64 5000 92.3072725958
64 4750 91.8330517034
64 4500 89.6463571601
64 4250 90.2956163742
64 4000 90.8553331982
64 3750 88.933757529
64 3500 86.8702019597
64 3250 92.6242297093
64 3000 91.3307702654
64 2750 92.6534122298
64 2500 90.0974796779
64 2250 90.145855868
64 2000 87.6445194449
64 1750 86.3484309908
64 1500 82.9523325255
64 1250 80.4320652174
64 1000 75.233303067
64 750 69.0134237875
64 500 58.2648026316
64 250 40.1041666667
64 200 39.3092105263
64 150 31.1079545455
64 125 23.5491071429
64 100 24.609375
64 75 12.5
64 50 4.6875
64 25 1.5625

32 5000 94.0119562774
32 4750 95.448062896
32 4500 93.3186860965
32 4250 94.1893906327
32 4000 92.9824379115
32 3750 93.244125757
32 3500 91.31382619
32 3250 95.2696563638
32 3000 94.1317642253
32 2750 95.7660342961
32 2500 93.3545705008
32 2250 93.725838195
32 2000 95.6301794082
32 1750 90.7019953387
32 1500 92.8352624952
32 1250 91.490479723
32 1000 87.9792944785
32 750 83.7053571429
32 500 75.4794034091
32 250 56.6176470588
32 200 62.2395833333
32 150 50.6944444444
32 125 43.9583333333
32 100 39.375
32 75 25.0
32 50 18.75
32 25 3.125

16 5000 96.6524704607
16 4750 96.4037964108
16 4500 94.2981469161
16 4250 95.233267427
16 4000 94.0751506857
16 3750 95.5659146379
16 3500 93.7163649863
16 3250 96.6513701314
16 3000 95.5962560069
16 2750 97.3891481473
16 2500 95.072098523
16 2250 97.5531318206
16 2000 97.8440669878
16 1750 95.3268721256
16 1500 95.7378134053
16 1250 94.8848093691
16 1000 96.0227272727
16 750 93.4568021892
16 500 87.9759933775
16 250 74.0384615385
16 200 85.3571428571
16 150 76.0416666667
16 125 65.9375
16 100 56.25
16 75 50.0
16 50 37.5
16 25 6.25

1 5000 100.0
1 4750 100.0
1 4500 100.0
1 4250 100.0
1 4000 100.0
1 3750 100.0
1 3500 100.0
1 3250 100.0
1 3000 100.0
1 2750 100.0
1 2500 100.0
1 2250 100.0
1 2000 100.0
1 1750 100.0
1 1500 100.0
1 1250 100.0
1 1000 100.0
1 750 100.0
1 500 100.0
1 250 100.0
1 200 100.0
1 150 100.0
1 125 100.0
1 100 100.0
1 75 100.0
1 50 100.0
1 25 100.0
