250 256 0
500 256 0
750 256 0
1000 256 0
1250 256 0
1500 256 0
1750 256 0
2000 256 0
2250 256 0
2500 256 0
250 128 0
500 128 0
750 128 0
1000 128 0
1250 128 0
1500 128 0
1750 128 0
2000 128 0
2250 128 0
2500 128 0
250 64 0
500 64 0
750 64 0
1000 64 0
1250 64 0
1500 64 0
1750 64 0
2000 64 0
2250 64 0
2500 64 0
250 32 0
500 32 0
750 32 0
1000 32 0
1250 32 0
1500 32 0
1750 32 0
2000 32 0
2250 32 0
2500 32 0
250 16 0
500 16 0
750 16 0
1000 16 0
1250 16 0
1500 16 0
1750 16 0
2000 16 0
2250 16 0
2500 16 0