# x1 x2 y

512 3200 50.8263496058
512 3072 49.6544362164
512 2944 49.7118953544
512 2816 48.5376649776
512 2688 46.5700079722
512 2560 45.4812937769
512 2432 44.1459224493
512 2304 42.6257841275
512 2176 41.1512215715
512 2048 56.0492226847
512 1920 38.176630241
512 1792 36.3177849265
512 1664 34.5607394366
512 1536 32.4770615786
512 1408 30.3820972711
512 1280 28.1649257597
512 1152 26.1953125
512 1024 23.5228307039
512 896 20.6159319196
512 768 27.0212572674
512 640 13.9322916667
512 512 13.9569256757
512 384 6.65147569444
512 256 4.54545454545
512 128 0.78125
512 64 0.78125
512 32 0.29296875
512 16 0.1953125
512 4 0.1953125

508 3200 51.022685893
508 3072 49.796285125
508 2944 49.9070807622
508 2816 48.7246312521
508 2688 46.8772780005
508 2560 45.5360782559
508 2432 44.1910796838
508 2304 42.8627490695
508 2176 41.3479788773
508 2048 40.043086889
508 1920 38.1939923846
508 1792 51.909387239
508 1664 34.81325814
508 1536 47.2420003351
508 1408 30.5782584139
508 1280 28.3866968286
508 1152 26.1689618093
508 1024 23.8819475194
508 896 20.6859142607
508 768 26.6150680029
508 640 14.0419947507
508 512 15.308012969
508 384 6.35101533361
508 256 4.58124552613
508 128 0.787401574803
508 64 0.787401574803
508 32 0.295275590551
508 16 0.196850393701
508 4 0.196850393701

504 3200 51.2081531334
504 3072 49.9874430437
504 2944 50.1370020814
504 2816 49.0020577853
504 2688 47.0038495562
504 2560 45.7905301279
504 2432 44.4076404826
504 2304 59.7919757011
504 2176 41.5627715441
504 2048 40.0589770029
504 1920 38.3451284255
504 1792 52.3213665028
504 1664 34.9126317194
504 1536 47.7863921369
504 1408 30.691443244
504 1280 28.6119880733
504 1152 26.3186813187
504 1024 24.2493549144
504 896 20.8500881834
504 768 27.1346469622
504 640 13.8645934564
504 512 16.9226830517
504 384 6.40142021721
504 256 4.6176046176
504 128 0.793650793651
504 64 0.793650793651
504 32 0.297619047619
504 16 0.198412698413
504 4 0.198412698413

500 3200 67.9435261812
500 3072 50.1684618422
500 2944 50.3968456778
500 2816 49.2844122459
500 2688 47.2089411765
500 2560 46.0049932262
500 2432 44.8529678068
500 2304 43.2012759171
500 2176 41.809976247
500 2048 40.1738347043
500 1920 38.6737020316
500 1792 36.8372906045
500 1664 35.0740368509
500 1536 33.0534798535
500 1408 30.9803646564
500 1280 28.7350458716
500 1152 26.5876651982
500 1024 24.2640586797
500 896 21.0168888889
500 768 18.3046153846
500 640 13.9755102041
500 512 17.0580645161
500 384 6.45263157895
500 256 5.12
500 128 0.8
500 64 0.8
500 32 0.2
500 16 0.1
500 4 0.2

496 3200 51.6444552792
496 3072 50.3741159485
496 2944 50.596200161
496 2816 49.421994578
496 2688 47.3889522931
496 2560 46.1260439629
496 2432 44.8201417875
496 2304 43.4210622737
496 2176 42.033049506
496 2048 40.3555532472
496 1920 38.7450699256
496 1792 36.9727946853
496 1664 35.3568919868
496 1536 33.1984341888
496 1408 31.0559792145
496 1280 28.9137274016
496 1152 39.7651802657
496 1024 24.519686907
496 896 21.1863799283
496 768 18.3113765082
496 640 14.3817204301
496 512 17.1956295525
496 384 6.50466893039
496 256 5.16129032258
496 128 0.806451612903
496 64 0.806451612903
496 32 0.302419354839
496 16 0.201612903226
496 4 0.201612903226

492 3200 51.8213123826
492 3072 50.5846855596
492 2944 50.8407609344
492 2816 49.8006443989
492 2688 47.7220486435
492 2560 46.4384789465
492 2432 45.15076298
492 2304 43.7541998036
492 2176 42.1323955837
492 2048 40.5885919256
492 1920 38.9290696987
492 1792 37.1387283237
492 1664 35.545113803
492 1536 33.4683401579
492 1408 31.3521937594
492 1280 28.989515305
492 1152 40.0884744142
492 1024 24.6585962192
492 896 21.1704451846
492 768 18.460249488
492 640 14.2027542724
492 512 17.3354314188
492 384 6.55755241763
492 256 5.20325203252
492 128 0.542005420054
492 64 0.813008130081
492 32 0.30487804878
492 16 0.20325203252
492 4 0.20325203252

488 3200 52.0853080122
488 3072 50.7854075254
488 2944 50.9696101853
488 2816 49.8440070339
488 2688 47.8890482943
488 2560 46.5862803693
488 2432 45.2390930234
488 2304 43.8242614076
488 2176 42.349497638
488 2048 40.7783704524
488 1920 39.1169688114
488 1792 37.3083595935
488 1664 35.6380371439
488 1536 33.5792680506
488 1408 45.8141136258
488 1280 29.2271342829
488 1152 40.4170684667
488 1024 24.7397391408
488 896 21.3439734238
488 768 18.6115630084
488 640 14.6174863388
488 512 17.477525119
488 384 6.61130284728
488 256 5.24590163934
488 128 0.546448087432
488 64 0.819672131148
488 32 0.30737704918
488 16 0.204918032787
488 4 0.204918032787

484 3200 52.2803387803
484 3072 51.055719415
484 2944 51.1840728635
484 2816 67.0646464929
484 2688 48.0757680123
484 2560 46.7744588745
484 2432 45.5228033417
484 2304 44.1466108625
484 2176 42.6137228265
484 2048 41.0198756651
484 1920 39.3525558276
484 1792 37.4817695673
484 1664 35.9923543406
484 1536 33.9801974233
484 1408 46.099423992
484 1280 29.3617164884
484 1152 27.0495329951
484 1024 24.8836556206
484 896 21.5203698984
484 768 18.7653775787
484 640 19.6510560147
484 512 18.2093663912
484 384 7.036271809
484 256 5.28925619835
484 128 0.826446280992
484 64 0.826446280992
484 32 0.309917355372
484 16 0.206611570248
484 4 0.206611570248

480 3200 52.453427603
480 3072 51.2072681871
480 2944 51.4238861184
480 2816 50.2114285714
480 2688 48.2822847682
480 2560 63.6862890089
480 2432 45.6876639613
480 2304 44.2155436161
480 2176 42.8683756402
480 2048 41.2339990994
480 1920 39.5485918744
480 1792 37.7670250896
480 1664 36.1120309051
480 1536 33.9743975904
480 1408 31.7809046961
480 1280 29.5527626812
480 1152 27.3342391304
480 1024 25.0910194175
480 896 21.7957227139
480 768 19.0673076923
480 640 19.8148148148
480 512 17.7688172043
480 384 6.72149122807
480 256 5.33333333333
480 128 0.833333333333
480 64 0.666666666667
480 32 0.3125
480 16 0.208333333333
480 4 0.208333333333

476 3200 52.7530255169
476 3072 51.493119677
476 2944 51.5987072003
476 2816 50.4718633865
476 2688 48.4938337967
476 2560 47.2634993804
476 2432 45.8573074273
476 2304 44.4875113324
476 2176 59.6160619937
476 2048 41.4684696049
476 1920 39.792749604
476 1792 38.0026688787
476 1664 36.3352830119
476 1536 34.1775412088
476 1408 31.8718833687
476 1280 29.8011052247
476 1152 27.5639386189
476 1024 25.3018683201
476 896 21.8820567875
476 768 18.936210848
476 640 20.5522208884
476 512 17.9181349959
476 384 6.77797434763
476 256 5.3781512605
476 128 0.560224089636
476 64 0.840336134454
476 32 0.31512605042
476 16 0.105042016807
476 4 0.210084033613

472 3200 52.9566423455
472 3072 51.6504719075
472 2944 51.839279583
472 2816 50.6859455666
472 2688 48.7105242713
472 2560 47.4395460003
472 2432 46.1555383934
472 2304 44.7545620714
472 2176 43.2482786894
472 2048 41.7075213898
472 1920 40.0414380136
472 1792 38.1881440497
472 1664 52.5624548156
472 1536 34.4671813885
472 1408 32.1861958828
472 1280 29.8912047641
472 1152 27.6771956857
472 1024 25.3930238271
472 896 21.874768707
472 768 19.0966872111
472 640 20.1506591337
472 512 18.6723163842
472 384 6.83541480821
472 256 5.42372881356
472 128 0.847457627119
472 64 0.847457627119
472 32 0.317796610169
472 16 0.21186440678
472 4 0.21186440678

468 3200 53.169882981
468 3072 51.8481599975
468 2944 52.1106181574
468 2816 50.9227465946
468 2688 48.9622744648
468 2560 47.6564692787
468 2432 46.3462110203
468 2304 44.9467969104
468 2176 43.48823551
468 2048 41.9512669991
468 1920 40.2726063205
468 1792 38.4050443752
468 1664 53.0117065662
468 1536 34.5954484112
468 1408 46.9172146608
468 1280 30.1466851467
468 1152 27.8534640306
468 1024 25.6100582188
468 896 22.0617325421
468 768 19.2599067599
468 640 20.3228869896
468 512 18.8319088319
468 384 6.893837157
468 256 5.47008547009
468 128 0.854700854701
468 64 0.854700854701
468 32 0.320512820513
468 16 0.213675213675
468 4 0.213675213675

464 3200 53.3733383108
464 3072 52.1308333689
464 2944 52.3021517745
464 2816 51.1939626042
464 2688 49.1896120232
464 2560 47.8696779203
464 2432 46.5306942473
464 2304 45.2038831248
464 2176 43.7475146282
464 2048 42.0713118412
464 1920 40.4861662508
464 1792 38.571637748
464 1664 36.9292849484
464 1536 34.7689161974
464 1408 47.5105822837
464 1280 30.2973905776
464 1152 28.0935800998
464 1024 25.7685916078
464 896 22.2519198916
464 768 19.2798807363
464 640 21.0837438424
464 512 18.9942528736
464 384 6.95326678766
464 256 5.51724137931
464 128 0.862068965517
464 64 0.862068965517
464 32 0.323275862069
464 16 0.215517241379
464 4 0.215517241379

460 3200 53.6139810297
460 3072 52.3399847148
460 2944 52.5649258704
460 2816 51.332680989
460 2688 49.4000564653
460 2560 48.1061335837
460 2432 46.8445688949
460 2304 45.3960927025
460 2176 43.9109052031
460 2048 42.3083078954
460 1920 40.7265790287
460 1792 38.7972139548
460 1664 37.1490750816
460 1536 35.0712545992
460 1408 33.0258357754
460 1280 30.5608461478
460 1152 28.1554394477
460 1024 39.0831758034
460 896 22.4454148472
460 768 19.5948616601
460 640 20.6763285024
460 512 18.5413744741
460 384 7.01372997712
460 256 5.5652173913
460 128 0.869565217391
460 64 0.869565217391
460 32 0.326086956522
460 16 0.108695652174
460 4 0.217391304348

456 3200 53.8450895906
456 3072 52.564998138
456 2944 52.7783074332
456 2816 51.6153665414
456 2688 49.6609045186
456 2560 48.3211934638
456 2432 47.0508185165
456 2304 45.5534926273
456 2176 44.1802060744
456 2048 42.582471419
456 1920 40.9494956738
456 1792 38.9999259753
456 1664 37.3125392028
456 1536 35.2110257851
456 1408 33.3155360892
456 1280 30.663768797
456 1152 28.4024169867
456 1024 39.2836785104
456 896 22.5438596491
456 768 19.7667464115
456 640 20.8576998051
456 512 18.7040181098
456 384 7.07525392428
456 256 5.61403508772
456 128 0.877192982456
456 64 0.877192982456
456 32 0.328947368421
456 16 0.219298245614
456 4 0.219298245614

452 3200 54.0746071875
452 3072 52.7861636017
452 2944 53.0632501629
452 2816 51.8926005652
452 2688 49.8752112956
452 2560 48.5328730518
452 2432 47.2285546005
452 2304 46.1893894955
452 2176 44.3536194489
452 2048 43.008161855
452 1920 57.4733137869
452 1792 39.3727463521
452 1664 37.5005372775
452 1536 35.4385505577
452 1408 33.4264494026
452 1280 30.9351295828
452 1152 28.5924087093
452 1024 39.7749134282
452 896 22.7433628319
452 768 28.9263833512
452 640 21.0422812193
452 512 18.8695403939
452 384 8.47621681416
452 256 5.66371681416
452 128 0.884955752212
452 64 0.884955752212
452 32 0.33185840708
452 16 0.221238938053
452 4 0.221238938053

448 3200 54.2870778164
448 3072 53.0929398504
448 2944 53.273823593
448 2816 52.0836626308
448 2688 50.5021062891
448 2560 48.8849979599
448 2432 47.4684103608
448 2304 46.0441144473
448 2176 44.6189568462
448 2048 59.6190243676
448 1920 41.3875280226
448 1792 39.5850030054
448 1664 37.7335460557
448 1536 35.7549661877
448 1408 33.5870596536
448 1280 31.0450234712
448 1152 28.7860576923
448 1024 39.9851727695
448 896 22.9464285714
448 768 29.1846546311
448 640 21.2301587302
448 512 19.6726190476
448 384 8.55189732143
448 256 5.71428571429
448 128 0.595238095238
448 64 0.892857142857
448 32 0.334821428571
448 16 0.223214285714
448 4 0.223214285714

444 3200 54.584077355
444 3072 53.3365776766
444 2944 53.4907896889
444 2816 52.3616991482
444 2688 50.3215353438
444 2560 49.0003595028
444 2432 47.782096872
444 2304 46.3983540255
444 2176 44.8173464162
444 2048 43.2097922839
444 1920 41.6252417466
444 1792 39.7187982962
444 1664 38.1762226339
444 1536 35.8648648649
444 1408 33.843537415
444 1280 31.3247083673
444 1152 29.0453915454
444 1024 26.6722569825
444 896 23.5629434744
444 768 29.7747747748
444 640 21.4214214214
444 512 13.2332332332
444 384 8.62894144144
444 256 5.76576576577
444 128 0.900900900901
444 64 0.900900900901
444 32 0.337837837838
444 16 0.112612612613
444 4 0.225225225225

440 3200 54.7979538416
440 3072 53.5519241146
440 2944 53.7948685164
440 2816 52.5595908642
440 2688 50.5612937476
440 2560 49.2564733771
440 2432 47.9994939925
440 2304 46.5470649463
440 2176 45.0936905285
440 2048 43.7170940462
440 1920 41.8681573803
440 1792 39.9406153263
440 1664 38.2548962292
440 1536 36.1059539052
440 1408 34.0585296657
440 1280 31.4419370382
440 1152 29.1847195358
440 1024 26.914732046
440 896 23.7771520515
440 768 29.7152847153
440 640 21.6161616162
440 512 13.6570247934
440 384 8.70738636364
440 256 5.81818181818
440 128 0.606060606061
440 64 0.909090909091
440 32 0.340909090909
440 16 0.227272727273
440 4 0.227272727273

436 3200 55.0498550462
436 3072 53.793788221
436 2944 54.0350704448
436 2816 52.850532495
436 2688 50.8447516665
436 2560 49.5097508306
436 2432 48.2342154232
436 2304 46.7921496161
436 2176 45.4488448747
436 2048 43.8059726992
436 1920 42.1842298355
436 1792 40.3070429898
436 1664 38.4615761399
436 1536 51.5689292572
436 1408 34.3709932406
436 1280 31.7303951762
436 1152 29.3899374744
436 1024 27.1616561932
436 896 23.9952910611
436 768 29.9879020063
436 640 21.8144750255
436 512 13.7823185988
436 384 8.7872706422
436 256 5.87155963303
436 128 0.917431192661
436 64 0.917431192661
436 32 0.344036697248
436 16 0.229357798165
436 4 0.229357798165

432 3200 55.2346661255
432 3072 70.0421488164
432 2944 54.2518576975
432 2816 53.0615942029
432 2688 51.029865384
432 2560 49.7693141314
432 2432 48.4750382722
432 2304 63.7584199539
432 2176 45.5764769244
432 2048 43.9659636488
432 1920 42.2797964542
432 1792 40.4274094537
432 1664 38.6937496304
432 1536 52.0464193429
432 1408 34.5019868046
432 1280 31.9677150696
432 1152 29.536645525
432 1024 27.2182727751
432 896 24.2174696821
432 768 30.6018518519
432 640 22.0164609053
432 512 13.9099326599
432 384 8.86863425926
432 256 5.92592592593
432 128 0.617283950617
432 64 1.23456790123
432 32 0.347222222222
432 16 0.231481481481
432 4 0.231481481481

428 3200 55.9954858725
428 3072 54.1593463912
428 2944 54.4806894444
428 2816 53.3776375217
428 2688 51.3113368905
428 2560 50.0353203671
428 2432 48.7107195847
428 2304 47.3003366721
428 2176 45.9290327968
428 2048 44.5087382483
428 1920 42.606800197
428 1792 40.8052357102
428 1664 39.0345993239
428 1536 36.8157931957
428 1408 34.6840141694
428 1280 32.2664787618
428 1152 29.8126889411
428 1024 27.4726491562
428 896 24.4438011744
428 768 20.7455712094
428 640 22.2222222222
428 512 13.727933541
428 384 8.95151869159
428 256 5.98130841121
428 128 0.934579439252
428 64 1.246105919
428 32 0.35046728972
428 16 0.233644859813
428 4 0.233644859813

424 3200 56.2134592894
424 3072 54.4319174106
424 2944 54.7317677709
424 2816 53.5909232292
424 2688 51.4500032823
424 2560 50.2898819316
424 2432 48.9755890185
424 2304 47.5233092054
424 2176 46.0829458617
424 2048 44.3845421499
424 1920 42.8491216311
424 1792 41.0767191642
424 1664 39.1322548814
424 1536 36.9908611907
424 1408 35.1055917205
424 1280 46.9915742474
424 1152 29.90427303
424 1024 27.5360710322
424 896 24.4579609401
424 768 20.786163522
424 640 22.4318658281
424 512 14.1723842196
424 384 9.63836477987
424 256 6.03773584906
424 128 0.943396226415
424 64 0.943396226415
424 32 0.353773584906
424 16 0.235849056604
424 4 0.235849056604

420 3200 56.5141619358
420 3072 54.6919840624
420 2944 54.9800933912
420 2816 53.7941167468
420 2688 51.7524401065
420 2560 50.723333248
420 2432 49.22421693
420 2304 47.7526267541
420 2176 46.4334705075
420 2048 44.7415763667
420 1920 59.6367655249
420 1792 41.2124767772
420 1664 39.4840850807
420 1536 37.3431551068
420 1408 35.1556531704
420 1280 47.6817683595
420 1152 30.1890756303
420 1024 27.7983193277
420 896 24.6908939014
420 768 21.1407249467
420 640 22.6455026455
420 512 14.3073593074
420 384 9.12202380952
420 256 6.09523809524
420 128 0.952380952381
420 64 1.26984126984
420 32 0.357142857143
420 16 0.238095238095
420 4 0.238095238095

416 3200 56.2727151996
416 3072 54.9792820011
416 2944 55.2258495282
416 2816 54.0507844858
416 2688 51.957363324
416 2560 50.9008534446
416 2432 49.4795550998
416 2304 47.9985499968
416 2176 46.5118561558
416 2048 44.8757910728
416 1920 43.2602668471
416 1792 41.4668380733
416 1664 39.6127613205
416 1536 37.4419093565
416 1408 35.3519025914
416 1280 33.0225202429
416 1152 30.2884615385
416 1024 28.0656108597
416 896 24.9283063428
416 768 21.3440011481
416 640 16.4615384615
416 512 14.4449300699
416 384 9.20973557692
416 256 6.15384615385
416 128 0.641025641026
416 64 1.28205128205
416 32 0.360576923077
416 16 0.240384615385
416 4 0.240384615385

412 3200 56.4794028282
412 3072 55.2099014785
412 2944 55.4742514075
412 2816 54.2861467462
412 2688 52.2666110003
412 2560 51.0313709191
412 2432 49.7532083473
412 2304 48.2208107162
412 2176 46.8457247488
412 2048 45.2291537311
412 1920 43.588696546
412 1792 41.7554983158
412 1664 39.8927009191
412 1536 37.6322023154
412 1408 35.5531019031
412 1280 33.1685558888
412 1152 30.5825242718
412 1024 28.1394610289
412 896 25.1703287345
412 768 21.3915857605
412 640 16.6213592233
412 512 14.5851721094
412 384 9.29915048544
412 256 6.21359223301
412 128 0.970873786408
412 64 0.970873786408
412 32 0.364077669903
412 16 0.242718446602
412 4 0.242718446602

408 3200 56.6942192704
408 3072 55.4780066815
408 2944 55.7656690436
408 2816 54.621404728
408 2688 52.4935742871
408 2560 51.2326026084
408 2432 50.0224958374
408 2304 48.4903351992
408 2176 47.0543935867
408 2048 45.3757874991
408 1920 43.9009921794
408 1792 41.8516900346
408 1664 40.1158691721
408 1536 38.0011454754
408 1408 35.9016617257
408 1280 33.5522932949
408 1152 30.6901391262
408 1024 28.4153380979
408 896 25.1960784314
408 768 21.4424740484
408 640 16.7843137255
408 512 14.7281639929
408 384 9.39031862745
408 256 6.27450980392
408 128 0.653594771242
408 64 1.30718954248
408 32 0.367647058824
408 16 0.245098039216
408 4 0.245098039216

404 3200 57.0218679557
404 3072 55.7294083972
404 2944 56.0148847695
404 2816 54.9126867242
404 2688 52.7580077413
404 2560 51.540438294
404 2432 50.207490608
404 2304 48.7567705451
404 2176 47.3285457037
404 2048 45.7095412458
404 1920 44.1280483407
404 1792 42.1806196792
404 1664 40.5341785482
404 1536 38.3773944405
404 1408 36.1134363106
404 1280 48.5762674012
404 1152 31.0584384842
404 1024 28.696678079
404 896 25.4455445545
404 768 21.6547757717
404 640 17.2964235199
404 512 14.8739873987
404 384 9.48329207921
404 256 6.33663366337
404 128 0.990099009901
404 64 1.3201320132
404 32 0.371287128713
404 16 0.247524752475
404 4 0.247524752475

400 3200 57.2261754393
400 3072 55.9692869416
400 2944 56.217218956
400 2816 55.1427674929
400 2688 53.0825807817
400 2560 68.2127525253
400 2432 50.4570507017
400 2304 48.9797478818
400 2176 47.5215982721
400 2048 45.9186067335
400 1920 44.3845854922
400 1792 42.4308724832
400 1664 40.6008273009
400 1536 38.4965870307
400 1408 51.5135261194
400 1280 49.0620300752
400 1152 31.1745867769
400 1024 28.7819025522
400 896 25.8122270742
400 768 22.0333333333
400 640 17.4693877551
400 512 15.0227272727
400 384 9.578125
400 256 6.4
400 128 1.0
400 64 1.33333333333
400 32 0.75
400 16 0.25
400 4 0.25

396 3200 57.6367030342
396 3072 56.2965300544
396 2944 57.0544340749
396 2816 71.8781825544
396 2688 53.8390779429
396 2560 52.1250627147
396 2432 50.7370346093
396 2304 49.2708521727
396 2176 48.254724666
396 2048 46.2664335387
396 1920 44.5100438542
396 1792 42.888251216
396 1664 40.9051838655
396 1536 38.709289955
396 1408 52.2287481557
396 1280 34.2101813988
396 1152 31.4245548266
396 1024 29.0726288406
396 896 25.8472167563
396 768 22.2558922559
396 640 17.6458462173
396 512 14.8372615039
396 384 9.67487373737
396 256 6.46464646465
396 128 1.0101010101
396 64 1.3468013468
396 32 0.378787878788
396 16 0.252525252525
396 4 0.252525252525

392 3200 57.6960108831
392 3072 56.4598092068
392 2944 56.7327970744
392 2816 55.5878892164
392 2688 53.6136486718
392 2560 52.3117192011
392 2432 50.922010846
392 2304 49.5289780872
392 2176 48.1349814045
392 2048 46.4894006643
392 1920 44.9180160245
392 1792 59.2398943048
392 1664 41.1527939373
392 1536 38.9718754319
392 1408 37.0233178685
392 1280 34.3808177316
392 1152 31.6148430625
392 1024 43.0549770929
392 896 26.1109638661
392 768 22.1547743185
392 640 17.4693877551
392 512 15.3293135436
392 384 10.425170068
392 256 6.5306122449
392 128 1.02040816327
392 64 1.36054421769
392 32 0.382653061224
392 16 0.255102040816
392 4 0.255102040816

388 3200 58.158759701
388 3072 56.7551271638
388 2944 57.076312536
388 2816 56.4116007468
388 2688 53.917862584
388 2560 52.6511661286
388 2432 51.2862440959
388 2304 49.8354678705
388 2176 48.5717123998
388 2048 46.9186529502
388 1920 45.0799376918
388 1792 43.2210342093
388 1664 41.5984149352
388 1536 39.1966871308
388 1408 37.2581232795
388 1280 34.7951475293
388 1152 31.9407692796
388 1024 43.6473030506
388 896 26.2664415215
388 768 22.5477562159
388 640 17.6494845361
388 512 15.1431844215
388 384 10.5326460481
388 256 6.59793814433
388 128 0.687285223368
388 64 1.37457044674
388 32 0.386597938144
388 16 0.257731958763
388 4 0.257731958763

384 3200 58.1907375534
384 3072 72.7021112034
384 2944 57.3238667742
384 2816 56.1943620178
384 2688 54.1707345521
384 2560 52.9176550835
384 2432 51.5673000407
384 2304 50.1194765868
384 2176 48.6608722576
384 2048 63.6239230983
384 1920 45.4104378711
384 1792 43.4981836196
384 1664 41.7102243753
384 1536 39.4719344905
384 1408 37.3044341764
384 1280 34.9766831046
384 1152 46.6385385757
384 1024 44.1019624573
384 896 26.5400502874
384 768 22.7826286765
384 640 17.8333333333
384 512 15.6486742424
384 384 9.97721354167
384 256 6.66666666667
384 128 0.694444444444
384 64 1.38888888889
384 32 0.390625
384 16 0.260416666667
384 4 0.260416666667

380 3200 58.5521572084
380 3072 57.4470982314
380 2944 57.6657986111
380 2816 56.5083414166
380 2688 54.3875913517
380 2560 53.1656333593
380 2432 51.7995236435
380 2304 50.421861039
380 2176 48.9356124994
380 2048 47.384960822
380 1920 45.6099086867
380 1792 43.9851114899
380 1664 41.8717005279
380 1536 39.9321453859
380 1408 37.550999592
380 1280 35.1639123406
380 1152 47.2697368421
380 1024 29.8807659882
380 896 26.7043144342
380 768 23.3660644148
380 640 18.0210526316
380 512 15.8133971292
380 384 12.4089068826
380 256 6.73684210526
380 128 1.05263157895
380 64 1.40350877193
380 32 0.394736842105
380 16 0.263157894737
380 4 0.263157894737

376 3200 58.7849806859
376 3072 57.4608696537
376 2944 57.8973031786
376 2816 56.7282634192
376 2688 54.658396148
376 2560 53.395405046
376 2432 52.1319275221
376 2304 50.5597532307
376 2176 49.2037250016
376 2048 47.6048977015
376 1920 46.0252793896
376 1792 44.0454792459
376 1664 42.1676136059
376 1536 40.0427188602
376 1408 37.8039513678
376 1280 35.2970609448
376 1152 32.8253491711
376 1024 30.1986464774
376 896 26.9884028856
376 768 23.7921932491
376 640 18.2127659574
376 512 15.6264775414
376 384 13.5859929078
376 256 6.8085106383
376 128 0.709219858156
376 64 1.06382978723
376 32 0.398936170213
376 16 0.265957446809
376 4 0.265957446809

372 3200 59.0701049612
372 3072 58.3018221745
372 2944 58.1786896913
372 2816 57.0669645467
372 2688 55.005724337
372 2560 53.8059500139
372 2432 52.4388795186
372 2304 50.9399736502
372 2176 49.5394002554
372 2048 48.2008985638
372 1920 46.2399328497
372 1792 44.5190865496
372 1664 42.4709547608
372 1536 40.3386739146
372 1408 38.2104454685
372 1280 35.6765992346
372 1152 33.1783099149
372 1024 30.3843045044
372 896 27.0464424617
372 768 23.8685604237
372 640 18.4086021505
372 512 15.7945041816
372 384 13.732078853
372 256 6.88172043011
372 128 0.716845878136
372 64 1.0752688172
372 32 0.403225806452
372 16 0.268817204301
372 4 0.268817204301

368 3200 59.3195813056
368 3072 58.0339432941
368 2944 58.430347752
368 2816 57.2893349386
368 2688 55.2579685664
368 2560 54.0539839913
368 2432 52.6289167265
368 2304 51.2172616475
368 2176 49.839334947
368 2048 48.1357475407
368 1920 46.4858418893
368 1792 44.5941370651
368 1664 42.7819548872
368 1536 40.6419649291
368 1408 38.4772157191
368 1280 35.9425492068
368 1152 33.4023288763
368 1024 30.6447628458
368 896 27.4572649573
368 768 24.3094148415
368 640 25.1468860165
368 512 15.9661835749
368 384 13.8813405797
368 256 6.95652173913
368 128 1.08695652174
368 64 1.08695652174
368 32 0.407608695652
368 16 0.271739130435
368 4 0.271739130435

364 3200 59.6408330251
364 3072 58.3723837001
364 2944 58.7073935123
364 2816 57.5792722483
364 2688 55.5275315685
364 2560 54.3478201226
364 2432 53.0459525317
364 2304 51.4730921253
364 2176 50.0443524542
364 2048 48.4305055549
364 1920 46.8563169036
364 1792 44.9093246766
364 1664 59.7975828745
364 1536 40.9077720959
364 1408 38.7509999579
364 1280 51.463667911
364 1152 33.5643101837
364 1024 30.8413306151
364 896 27.7589931436
364 768 24.5765512683
364 640 24.7541931752
364 512 22.6991758242
364 384 12.954353339
364 256 7.03296703297
364 128 0.732600732601
364 64 1.0989010989
364 32 0.412087912088
364 16 0.274725274725
364 4 0.274725274725

360 3200 59.8584079653
360 3072 58.5946623772
360 2944 58.9653642038
360 2816 57.9025402787
360 2688 55.7848436318
360 2560 70.6202614379
360 2432 53.2547958623
360 2304 51.7891401726
360 2176 50.3177170113
360 2048 48.7007597341
360 1920 47.1189493949
360 1792 45.1747052519
360 1664 43.2985938792
360 1536 41.2262426901
360 1408 39.1315901361
360 1280 52.0354864434
360 1152 33.8686868687
360 1024 31.1840120664
360 896 27.829566855
360 768 24.4814814815
360 640 25.7057057057
360 512 22.9513888889
360 384 14.1898148148
360 256 7.11111111111
360 128 0.740740740741
360 64 1.48148148148
360 32 0.416666666667
360 16 0.138888888889
360 4 0.277777777778

356 3200 60.1825009703
356 3072 58.9690769862
356 2944 59.303750424
356 2816 58.1964851628
356 2688 56.1046476945
356 2560 54.8299014063
356 2432 53.6340615451
356 2304 52.0638790954
356 2176 50.6448261008
356 2048 49.013365396
356 1920 47.5777158186
356 1792 45.5066976657
356 1664 43.6335144867
356 1536 41.6894589001
356 1408 39.2210826858
356 1280 36.9667642338
356 1152 34.1114100332
356 1024 31.3218028027
356 896 28.0235149102
356 768 24.9413047124
356 640 25.3104671792
356 512 23.2092696629
356 384 14.3492509363
356 256 7.19101123596
356 128 0.749063670412
356 64 1.12359550562
356 32 0.421348314607
356 16 0.280898876404
356 4 0.280898876404

352 3200 60.4495523105
352 3072 59.1941116253
352 2944 59.6087474781
352 2816 58.5300543536
352 2688 56.4127393292
352 2560 55.1360426192
352 2432 53.8629235691
352 2304 52.4300086715
352 2176 50.9816156026
352 2048 49.335325401
352 1920 47.7173852496
352 1792 45.7308604826
352 1664 43.977104709
352 1536 41.7059012029
352 1408 39.5169023357
352 1280 37.0752840909
352 1152 34.4990396927
352 1024 31.67773238
352 896 28.2228800611
352 768 25.0378787879
352 640 26.2899262899
352 512 23.4730113636
352 384 14.5123106061
352 256 7.27272727273
352 128 0.757575757576
352 64 1.13636363636
352 32 0.852272727273
352 16 0.284090909091
352 4 0.284090909091

348 3200 60.7209002642
348 3072 59.4697155882
348 2944 59.8511532188
348 2816 58.7721850451
348 2688 56.716878641
348 2560 55.4889025836
348 2432 54.1824958741
348 2304 52.7451569472
348 2176 51.1947973382
348 2048 49.6669301008
348 1920 48.3132268508
348 1792 46.1683389563
348 1664 44.177764275
348 1536 42.0484622554
348 1408 39.8706896552
348 1280 37.3148624693
348 1152 34.6862068966
348 1024 31.8272783251
348 896 28.5472809814
348 768 36.7630700779
348 640 19.292314627
348 512 23.742816092
348 384 14.6791187739
348 256 7.35632183908
348 128 0.766283524904
348 64 1.53256704981
348 32 0.431034482759
348 16 0.287356321839
348 4 0.287356321839

344 3200 61.1826389752
344 3072 59.8589307019
344 2944 60.214229421
344 2816 59.0489801221
344 2688 57.5197238659
344 2560 56.2254716446
344 2432 54.4441147306
344 2304 52.9993291592
344 2176 51.5515590901
344 2048 49.9749549774
344 1920 48.3530424475
344 1792 46.5572852998
344 1664 44.5388542258
344 1536 42.3542443738
344 1408 40.1828593882
344 1280 37.5618811881
344 1152 34.94973594
344 1024 32.1973629568
344 896 28.879226109
344 768 37.1905476369
344 640 19.5166438668
344 512 24.0188953488
344 384 14.8498062016
344 256 7.44186046512
344 128 0.77519379845
344 64 1.16279069767
344 32 0.436046511628
344 16 0.290697674419
344 4 0.290697674419

340 3200 61.4328405826
340 3072 60.1584889712
340 2944 60.4957319031
340 2816 59.4003853217
340 2688 57.3815407143
340 2560 56.5922444743
340 2432 54.751135945
340 2304 53.2541679774
340 2176 51.8001883429
340 2048 50.293136928
340 1920 48.8744508473
340 1792 46.6910379971
340 1664 61.3812780926
340 1536 42.8525296017
340 1408 40.5035206102
340 1280 37.8165749058
340 1152 35.2205882353
340 1024 47.0777988615
340 896 29.0967265567
340 768 37.6280834915
340 640 19.7462514418
340 512 24.3014705882
340 384 15.0245098039
340 256 7.52941176471
340 128 1.17647058824
340 64 1.56862745098
340 32 0.441176470588
340 16 0.294117647059
340 4 0.294117647059

336 3200 61.7679910605
336 3072 75.4073638455
336 2944 60.8490302252
336 2816 59.7413722771
336 2688 57.6906709483
336 2560 56.4525766419
336 2432 55.0695288491
336 2304 53.6626727526
336 2176 52.1633475581
336 2048 50.6217918345
336 1920 49.0047424544
336 1792 63.5141651597
336 1664 45.1151406509
336 1536 59.0673439464
336 1408 40.782302375
336 1280 38.2667722261
336 1152 35.6398809524
336 1024 47.9475881262
336 896 29.3204365079
336 768 38.0760368664
336 640 19.9813258637
336 512 25.3840245776
336 384 15.2033730159
336 256 7.61904761905
336 128 0.793650793651
336 64 1.5873015873
336 32 0.446428571429
336 16 0.297619047619
336 4 0.297619047619

332 3200 61.9089527223
332 3072 60.6318893861
332 2944 61.2892809348
332 2816 60.0042338255
332 2688 57.9231302206
332 2560 56.743330908
332 2432 55.3083627756
332 2304 53.9908926688
332 2176 52.4338098367
332 2048 50.8270991171
332 1920 49.3815933591
332 1792 47.5178317763
332 1664 45.3305315175
332 1536 43.2794873763
332 1408 41.1206010693
332 1280 38.6010490407
332 1152 35.7852670525
332 1024 33.1392087196
332 896 29.4284576322
332 768 38.1248397847
332 640 20.2220647295
332 512 17.6974564926
332 384 15.3865461847
332 256 8.56760374833
332 128 1.20481927711
332 64 1.20481927711
332 32 0.451807228916
332 16 0.301204819277
332 4 0.301204819277

328 3200 62.2108657328
328 3072 60.9991796454
328 2944 61.4718401777
328 2816 60.3540053987
328 2688 58.2424672634
328 2560 57.010612212
328 2432 55.6961163496
328 2304 54.3104554495
328 2176 52.7453579085
328 2048 51.2110239429
328 1920 49.6984579146
328 1792 47.680890538
328 1664 45.7299601649
328 1536 43.6682152536
328 1408 41.622071814
328 1280 38.8176680547
328 1152 51.398351274
328 1024 33.3216933491
328 896 29.9109401882
328 768 38.1835686778
328 640 20.0750469043
328 512 17.5238600212
328 384 15.5741869919
328 256 7.80487804878
328 128 1.21951219512
328 64 1.21951219512
328 32 0.457317073171
328 16 0.15243902439
328 4 0.30487804878

324 3200 62.5193385824
324 3072 61.4618620698
324 2944 61.7425320822
324 2816 60.6380556073
324 2688 58.5822168031
324 2560 57.326617392
324 2432 56.2109784758
324 2304 70.7125766011
324 2176 53.1576912855
324 2048 51.4556141534
324 1920 50.2403155333
324 1792 48.1504329746
324 1664 46.0088945139
324 1536 44.2073290221
324 1408 41.6723263606
324 1280 39.1695179783
324 1152 52.0328988206
324 1024 33.8075382225
324 896 30.0309912107
324 768 39.0661938534
324 640 20.3228869896
324 512 18.134430727
324 384 15.7664609053
324 256 7.9012345679
324 128 0.82304526749
324 64 1.64609053498
324 32 0.462962962963
324 16 0.308641975309
324 4 0.308641975309

320 3200 62.8348027092
320 3072 61.6024747362
320 2944 62.0569638924
320 2816 60.9249329759
320 2688 58.8321421869
320 2560 73.4028532609
320 2432 56.3154936338
320 2304 54.8539622292
320 2176 53.5080252918
320 2048 51.8795524442
320 1920 50.2948860968
320 1792 48.3348623853
320 1664 46.3201982067
320 1536 44.2912303665
320 1408 41.9879105839
320 1280 39.4672379032
320 1152 36.7653508772
320 1024 34.0049342105
320 896 30.4063786008
320 768 26.9429347826
320 640 20.9803921569
320 512 17.9619565217
320 384 12.7708333333
320 256 8.88888888889
320 128 0.833333333333
320 64 1.25
320 32 0.46875
320 16 0.15625
320 4 0.3125

316 3200 63.2247726414
316 3072 61.8876891622
316 2944 62.3812117342
316 2816 61.3501644243
316 2688 59.206488227
316 2560 58.0073930766
316 2432 56.7530703586
316 2304 55.2211403821
316 2176 53.8114437647
316 2048 52.1647359919
316 1920 50.5987997425
316 1792 48.6491477819
316 1664 46.9508439815
316 1536 44.664801151
316 1408 42.3647871116
316 1280 39.8383125076
316 1152 37.0142773035
316 1024 34.210308596
316 896 30.5399121674
316 768 27.28398459
316 640 22.1131490571
316 512 18.18932306
316 384 12.9324894515
316 256 8.10126582278
316 128 1.26582278481
316 64 1.26582278481
316 32 0.474683544304
316 16 0.158227848101
316 4 0.316455696203

312 3200 63.4032220244
312 3072 62.1833479688
312 2944 62.6671452886
312 2816 61.6436914659
312 2688 59.4701460685
312 2560 58.2035121741
312 2432 57.0105546093
312 2304 55.5304862048
312 2176 54.1426743442
312 2048 52.5463759919
312 1920 50.9621333809
312 1792 48.9751336277
312 1664 47.0416966211
312 1536 44.9096193661
312 1408 42.7008907859
312 1280 40.1553846154
312 1152 37.2721209426
312 1024 34.648902296
312 896 30.9314495029
312 768 27.4349750968
312 640 31.3553113553
312 512 18.4225195095
312 384 12.2796474359
312 256 9.11680911681
312 128 0.854700854701
312 64 1.28205128205
312 32 0.480769230769
312 16 0.320512820513
312 4 0.320512820513

308 3200 63.7426136364
308 3072 62.6465020968
308 2944 63.0561045356
308 2816 77.3586372954
308 2688 60.0130891096
308 2560 58.7082436809
308 2432 57.3846421171
308 2304 55.8637188583
308 2176 54.4575897829
308 2048 52.8738251269
308 1920 51.2435169621
308 1792 49.5812158856
308 1664 47.5415493597
308 1536 45.4928611761
308 1408 59.1728815739
308 1280 40.6768831169
308 1152 37.6112371314
308 1024 34.8709731827
308 896 31.0794468689
308 768 27.7912734747
308 640 31.7625231911
308 512 26.0133805588
308 384 13.2683982684
308 256 8.31168831169
308 128 1.2987012987
308 64 1.2987012987
308 32 0.974025974026
308 16 0.324675324675
308 4 0.324675324675

304 3200 63.9914975636
304 3072 62.8125259578
304 2944 63.3641739794
304 2816 62.1938789955
304 2688 60.1964083412
304 2560 58.9337920283
304 2432 57.6710189995
304 2304 56.2111049975
304 2176 54.8159603092
304 2048 53.164343059
304 1920 51.6323805965
304 1792 49.7231572655
304 1664 47.6780900104
304 1536 45.5725098314
304 1408 43.302255191
304 1280 40.8202310451
304 1152 37.8879570108
304 1024 35.1018675722
304 896 31.4883869593
304 768 28.1569481257
304 640 31.2865497076
304 512 26.355661882
304 384 12.6027960526
304 256 8.42105263158
304 128 1.31578947368
304 64 1.75438596491
304 32 0.493421052632
304 16 0.328947368421
304 4 0.328947368421

300 3200 78.7500305197
300 3072 63.1611044821
300 2944 63.7034849976
300 2816 62.6021907561
300 2688 60.5717908465
300 2560 59.459652809
300 2432 58.1313644957
300 2304 56.5730994152
300 2176 55.1737417159
300 2048 53.5022430882
300 1920 68.2295898049
300 1792 50.0867498515
300 1664 48.1803957662
300 1536 46.0387755102
300 1408 43.7752675386
300 1280 57.2390350877
300 1152 38.393129771
300 1024 35.5698924731
300 896 45.2950191571
300 768 28.3285714286
300 640 31.7037037037
300 512 26.7070707071
300 384 12.7708333333
300 256 8.53333333333
300 128 0.888888888889
300 64 1.33333333333
300 32 0.5
300 16 0.333333333333
300 4 0.333333333333

296 3200 64.6660738958
296 3072 63.456214448
296 2944 64.0503496362
296 2816 62.8881154082
296 2688 60.8393143622
296 2560 59.6277763507
296 2432 58.3124718795
296 2304 56.970444297
296 2176 55.4278979379
296 2048 54.0055056615
296 1920 52.3563081399
296 1792 50.4339640703
296 1664 48.5188892596
296 1536 46.3769804287
296 1408 44.0005896226
296 1280 41.4635050411
296 1152 38.7640016442
296 1024 35.8194733195
296 896 46.4409176618
296 768 28.5077630822
296 640 23.1351351351
296 512 27.067977068
296 384 13.8063063063
296 256 9.60960960961
296 128 0.900900900901
296 64 1.8018018018
296 32 0.506756756757
296 16 0.337837837838
296 4 0.337837837838

292 3200 65.0591772542
292 3072 63.8206495747
292 2944 64.3861632307
292 2816 63.3136826582
292 2688 61.335078406
292 2560 60.087674064
292 2432 58.860608253
292 2304 57.3327463298
292 2176 55.859909111
292 2048 54.7794588913
292 1920 52.6922083274
292 1792 50.6761143663
292 1664 49.0713428657
292 1536 46.6339130674
292 1408 44.3418876166
292 1280 41.8347829804
292 1152 39.0721702877
292 1024 51.4943960149
292 896 32.6502430402
292 768 28.8982803847
292 640 23.9306681577
292 512 27.4387712744
292 384 13.1207191781
292 256 8.76712328767
292 128 1.3698630137
292 64 1.3698630137
292 32 1.02739726027
292 16 0.342465753425
292 4 0.342465753425

288 3200 65.361482101
288 3072 78.4261610291
288 2944 64.7260477691
288 2816 63.6351785869
288 2688 61.5641323986
288 2560 60.4138709966
288 2432 59.0520826711
288 2304 57.6404696589
288 2176 56.248539165
288 2048 70.6035498722
288 1920 53.1377164905
288 1792 51.1107877377
288 1664 49.2140493381
288 1536 63.1692428315
288 1408 44.8001849688
288 1280 42.2838906169
288 1152 39.4656308851
288 1024 52.2095959596
288 896 33.103718638
288 768 29.0933098592
288 640 24.2630385488
288 512 27.8198653199
288 384 14.1898148148
288 256 8.88888888889
288 128 0.925925925926
288 64 1.85185185185
288 32 0.520833333333
288 16 0.347222222222
288 4 0.347222222222

284 3200 65.6977938301
284 3072 64.4740170991
284 2944 65.042111295
284 2816 64.0085665272
284 2688 61.8988169672
284 2560 60.7930923718
284 2432 59.4416460901
284 2304 58.126610963
284 2176 56.5943272471
284 2048 54.9346122369
284 1920 53.5037943849
284 1792 51.5605503315
284 1664 49.6161355752
284 1536 47.5173072332
284 1408 45.1149472239
284 1280 42.6803078533
284 1152 39.7966450388
284 1024 36.9383318941
284 896 33.4351490469
284 768 29.5030747867
284 640 24.1126760563
284 512 19.8082109679
284 384 13.4903169014
284 256 9.01408450704
284 128 0.93896713615
284 64 1.8779342723
284 32 0.528169014085
284 16 0.352112676056
284 4 0.352112676056

280 3200 66.0288292254
280 3072 64.8761030651
280 2944 65.4065272365
280 2816 64.3626242156
280 2688 62.3099378882
280 2560 76.084999872
280 2432 59.8601638024
280 2304 58.3072154297
280 2176 56.9422877847
280 2048 55.2988052105
280 1920 53.8857960622
280 1792 51.9064039409
280 1664 49.8552380952
280 1536 47.8620933522
280 1408 45.5480864401
280 1280 59.1233766234
280 1152 40.2145522388
280 1024 37.2298919568
280 896 33.6425725669
280 768 29.7152847153
280 640 24.9562682216
280 512 20.0911854103
280 384 18.244047619
280 256 9.14285714286
280 128 1.42857142857
280 64 1.42857142857
280 32 0.535714285714
280 16 0.178571428571
280 4 0.357142857143

276 3200 66.3877786344
276 3072 65.1871617212
276 2944 80.470676592
276 2816 64.709261223
276 2688 62.6392413283
276 2560 61.3957902001
276 2432 60.2183367776
276 2304 58.8986799467
276 2176 57.4257185788
276 2048 56.2190576421
276 1920 54.2605718557
276 1792 52.5680361196
276 1664 50.2872293416
276 1536 48.2215381985
276 1408 45.8376911201
276 1280 43.3139727846
276 1152 40.570299266
276 1024 37.5329036943
276 896 34.1301460823
276 768 30.3582363748
276 640 25.3179532683
276 512 20.3823620105
276 384 18.5084541063
276 256 10.305958132
276 128 0.966183574879
276 64 1.93236714976
276 32 1.08695652174
276 16 0.18115942029
276 4 0.36231884058

272 3200 67.4406942101
272 3072 66.2161294038
272 2944 66.8453001339
272 2816 65.7555363762
272 2688 63.0245818423
272 2560 61.7790000915
272 2432 60.5732495326
272 2304 59.0160056573
272 2176 57.8091688436
272 2048 56.0786427897
272 1920 54.6050702466
272 1792 52.706082433
272 1664 50.6685078595
272 1536 48.7867647059
272 1408 46.1942882955
272 1280 43.6841694189
272 1152 40.9390601259
272 1024 37.8478154747
272 896 34.3582887701
272 768 30.5892636775
272 640 25.1764705882
272 512 21.131713555
272 384 18.7806372549
272 256 9.41176470588
272 128 0.980392156863
272 64 1.47058823529
272 32 0.551470588235
272 16 0.367647058824
272 4 0.367647058824

268 3200 67.1167161028
268 3072 65.8919163046
268 2944 66.6477102917
268 2816 65.4274151815
268 2688 63.5597623159
268 2560 62.156230062
268 2432 60.9368678585
268 2304 59.564025302
268 2176 58.2852093488
268 2048 56.6125364303
268 1920 55.0383575022
268 1792 53.3114090564
268 1664 51.1107784236
268 1536 49.2733891518
268 1408 46.9371536395
268 1280 44.1352527393
268 1152 41.2456946039
268 1024 38.2539780437
268 896 34.5976002341
268 768 30.8302238806
268 640 25.552238806
268 512 20.9907907272
268 384 19.0609452736
268 256 9.55223880597
268 128 0.995024875622
268 64 1.99004975124
268 32 0.559701492537
268 16 0.373134328358
268 4 0.373134328358

264 3200 67.4316704916
264 3072 66.2730567102
264 2944 66.932926493
264 2816 80.4935693086
264 2688 63.7506227695
264 2560 62.6153222068
264 2432 61.2988093274
264 2304 59.8916954738
264 2176 58.4861775651
264 2048 56.9814083931
264 1920 55.4189956784
264 1792 53.4547483766
264 1664 51.4365444327
264 1536 49.4888557389
264 1408 47.3249177293
264 1280 44.5348757849
264 1152 41.7940834303
264 1024 38.5152757079
264 896 35.1218062983
264 768 31.0815047022
264 640 25.9393939394
264 512 20.8648989899
264 384 19.3497474747
264 256 10.7744107744
264 128 1.51515151515
264 64 2.0202020202
264 32 0.568181818182
264 16 0.189393939394
264 4 0.378787878788

260 3200 67.7638015435
260 3072 66.6001328972
260 2944 67.3591380175
260 2816 66.3428506713
260 2688 64.2356783062
260 2560 63.148278024
260 2432 61.7265464917
260 2304 60.2603511181
260 2176 58.8403277874
260 2048 57.3700049224
260 1920 55.7007932896
260 1792 54.0058941614
260 1664 51.9583126551
260 1536 49.8651635721
260 1408 47.4623979373
260 1280 45.0846384155
260 1152 42.0526755853
260 1024 54.5274725275
260 896 35.5228365385
260 768 31.5596816976
260 640 26.3384615385
260 512 21.6366612111
260 384 19.6474358974
260 256 9.84615384615
260 128 1.53846153846
260 64 1.53846153846
260 32 0.576923076923
260 16 0.384615384615
260 4 0.384615384615

256 3200 68.0928673841
256 3072 67.0286263993
256 2944 67.6605706223
256 2816 66.6220177922
256 2688 64.4383513073
256 2560 63.4079550498
256 2432 62.0654540494
256 2304 60.7501332841
256 2176 59.2739762931
256 2048 73.4310564058
256 1920 56.214727268
256 1792 54.4266528926
256 1664 52.275511291
256 1536 50.402913489
256 1408 47.8829945893
256 1280 45.3814679154
256 1152 42.4788851351
256 1024 55.5381446991
256 896 50.4696038251
256 768 45.1228762136
256 640 26.2254901961
256 512 21.9747340426
256 384 19.9544270833
256 256 10.0
256 128 1.5625
256 64 1.5625
256 32 0.5859375
256 16 0.390625
256 4 0.390625

252 3200 68.5282122703
252 3072 67.3016972292
252 2944 68.1685812581
252 2816 67.1365537792
252 2688 79.2694683077
252 2560 63.8735726324
252 2432 62.5490682986
252 2304 76.2641619929
252 2176 59.9343521015
252 2048 58.3762487592
252 1920 56.7732047586
252 1792 70.6706908115
252 1664 52.8127522195
252 1536 50.9600614439
252 1408 48.4816160978
252 1280 45.9654127923
252 1152 59.1358024691
252 1024 40.1028028319
252 896 51.2707086478
252 768 46.2885154062
252 640 27.1746031746
252 512 22.8088336784
252 384 20.2711640212
252 256 12.6984126984
252 128 1.5873015873
252 64 2.1164021164
252 32 0.595238095238
252 16 0.396825396825
252 4 0.396825396825

248 3200 69.6548169595
248 3072 68.4100407426
248 2944 69.1833313966
248 2816 68.0937571036
248 2688 65.9387247513
248 2560 64.7459601154
248 2432 62.9459344222
248 2304 61.4398958949
248 2176 60.1344281241
248 2048 58.5121264399
248 1920 57.0929418822
248 1792 55.1194420227
248 1664 53.2136080239
248 1536 51.0554029995
248 1408 48.8850430226
248 1280 46.2958802384
248 1152 43.2260929353
248 1024 40.2576750828
248 896 36.8103126168
248 768 33.0867630701
248 640 27.0714737508
248 512 23.1767180926
248 384 16.4784946237
248 256 10.3225806452
248 128 1.61290322581
248 64 1.61290322581
248 32 0.604838709677
248 16 0.403225806452
248 4 0.403225806452

244 3200 69.2150445275
244 3072 68.0857850073
244 2944 68.7886401291
244 2816 67.7719032359
244 2688 65.6708725306
244 2560 64.4661391664
244 2432 64.0002440355
244 2304 62.4671867587
244 2176 60.5776643277
244 2048 59.4208994378
244 1920 57.7900897254
244 1792 55.8118594242
244 1664 53.8371351585
244 1536 51.5547870071
244 1408 49.5233525846
244 1280 46.5092658589
244 1152 43.8568189745
244 1024 40.590949249
244 896 36.9853585283
244 768 33.3988322479
244 640 28.0655737705
244 512 23.5566642908
244 384 15.7018442623
244 256 11.6575591985
244 128 1.6393442623
244 64 2.18579234973
244 32 0.614754098361
244 16 0.204918032787
244 4 0.409836065574

240 3200 69.5535345709
240 3072 68.4773002911
240 2944 69.1534626342
240 2816 68.1215598108
240 2688 65.9576846202
240 2560 79.2486131114
240 2432 64.2677881566
240 2304 62.2473474104
240 2176 61.5134994808
240 2048 59.4366017617
240 1920 57.9896087192
240 1792 56.0777009047
240 1664 54.0338563171
240 1536 51.9313996317
240 1408 49.5891702586
240 1280 63.3519417476
240 1152 44.1184210526
240 1024 41.1033797217
240 896 37.4588086185
240 768 33.9554794521
240 640 27.9738562092
240 512 23.9492753623
240 384 15.9635416667
240 256 10.6666666667
240 128 1.66666666667
240 64 1.66666666667
240 32 0.625
240 16 0.416666666667
240 4 0.416666666667

236 3200 69.9565687262
236 3072 68.8100751911
236 2944 69.5934739698
236 2816 68.5954725063
236 2688 66.4534406161
236 2560 65.3116613071
236 2432 64.7300389392
236 2304 63.382289232
236 2176 61.9033934478
236 2048 60.3265370463
236 1920 58.3093390511
236 1792 56.6962604251
236 1664 54.4550472967
236 1536 52.6661063641
236 1408 50.1057053678
236 1280 47.7399097671
236 1152 44.6312893779
236 1024 41.5522208079
236 896 37.9494093477
236 768 34.2960913179
236 640 28.4479893652
236 512 33.9496661531
236 384 16.2341101695
236 256 10.8474576271
236 128 1.69491525424
236 64 2.25988700565
236 32 0.635593220339
236 16 0.423728813559
236 4 0.423728813559

232 3200 70.3940204852
232 3072 69.182852016
232 2944 69.9873908482
232 2816 68.9733667198
232 2688 66.7917026195
232 2560 65.7555247213
232 2432 65.1319326356
232 2304 63.1792058516
232 2176 61.7983276223
232 2048 60.2296110119
232 1920 59.0774137931
232 1792 57.0101716924
232 1664 55.1457265257
232 1536 52.8462331334
232 1408 50.7522424822
232 1280 48.0103742581
232 1152 45.1643318966
232 1024 42.0195108732
232 896 38.1699599638
232 768 34.4191159454
232 640 28.3819628647
232 512 34.5350052247
232 384 16.5140086207
232 256 11.0344827586
232 128 1.72413793103
232 64 2.29885057471
232 32 0.646551724138
232 16 0.431034482759
232 4 0.431034482759

228 3200 70.7757488658
228 3072 69.5877332663
228 2944 70.4091149974
228 2816 69.3883997315
228 2688 67.2570489201
228 2560 66.0779610962
228 2432 79.2635596897
228 2304 64.1388679164
228 2176 62.8094236055
228 2048 61.3196875777
228 1920 59.3072806325
228 1792 57.7085273016
228 1664 55.6372757419
228 1536 53.2906548238
228 1408 51.0440352726
228 1280 48.6450723125
228 1152 45.561192137
228 1024 42.5061677632
228 896 38.6946844724
228 768 35.0229600848
228 640 28.8798920378
228 512 35.1408825093
228 384 16.8037280702
228 256 11.2280701754
228 128 1.75438596491
228 64 2.33918128655
228 32 0.657894736842
228 16 0.438596491228
228 4 0.438596491228

224 3200 71.0844476556
224 3072 70.0387506616
224 2944 70.7308394079
224 2816 69.7794460209
224 2688 67.6923637502
224 2560 66.6078041498
224 2432 65.3538153482
224 2304 63.9331570997
224 2176 62.6352197677
224 2048 76.1347035489
224 1920 59.7532435826
224 1792 57.8956043956
224 1664 55.9975467823
224 1536 53.951690051
224 1408 51.413768062
224 1280 48.8904845155
224 1152 45.8227040816
224 1024 59.2293735676
224 896 39.2392458842
224 768 35.4107142857
224 640 29.3956043956
224 512 36.8861607143
224 384 18.244047619
224 256 12.6984126984
224 128 1.78571428571
224 64 2.38095238095
224 32 0.669642857143
224 16 0.446428571429
224 4 0.446428571429

220 3200 71.5393679393
220 3072 70.4336644175
220 2944 71.2035088709
220 2816 70.2257742258
220 2688 68.0387130029
220 2560 66.9614526525
220 2432 65.807391991
220 2304 65.0366325495
220 2176 63.7159995863
220 2048 62.0771093088
220 1920 60.2745918942
220 1792 58.5578659751
220 1664 56.5638956923
220 1536 54.4465004023
220 1408 52.0230805464
220 1280 49.5024655456
220 1152 46.4976887519
220 1024 43.3741258741
220 896 39.657832942
220 768 50.0757575758
220 640 29.9300699301
220 512 25.5705996132
220 384 17.4147727273
220 256 11.6363636364
220 128 1.81818181818
220 64 1.81818181818
220 32 0.681818181818
220 16 0.227272727273
220 4 0.454545454545

216 3200 71.8985294923
216 3072 70.8137888882
216 2944 71.576036166
216 2816 70.6668596796
216 2688 68.5081839141
216 2560 67.4573417969
216 2432 66.1772083883
216 2304 79.2261665998
216 2176 63.4945664721
216 2048 62.0533726356
216 1920 60.7326938347
216 1792 58.7444946201
216 1664 56.75687397
216 1536 70.488063992
216 1408 52.6590571004
216 1280 49.9330425467
216 1152 46.9607843137
216 1024 43.9239430635
216 896 40.0963234297
216 768 51.0030864198
216 640 40.6457739791
216 512 26.0441292356
216 384 17.7372685185
216 256 11.8518518519
216 128 1.85185185185
216 64 1.85185185185
216 32 0.694444444444
216 16 0.462962962963
216 4 0.462962962963

212 3200 72.3624789855
212 3072 71.202587782
212 2944 72.08331858
212 2816 71.0285410197
212 2688 68.9398062629
212 2560 67.897735712
212 2432 66.6459132452
212 2304 65.3315324503
212 2176 64.6206485665
212 2048 63.0758160931
212 1920 61.1991241168
212 1792 59.2876702052
212 1664 57.602922621
212 1536 55.4220715409
212 1408 53.0516274065
212 1280 50.5271920089
212 1152 47.4481132075
212 1024 44.4130177938
212 896 40.5557461407
212 768 36.6814650388
212 640 42.5024826216
212 512 25.9827044025
212 384 18.0719339623
212 256 13.4171907757
212 128 1.88679245283
212 64 2.51572327044
212 32 0.707547169811
212 16 0.471698113208
212 4 0.471698113208

208 3200 72.6937557633
208 3072 71.6397681954
208 2944 72.4866074915
208 2816 71.4808668489
208 2688 69.4027558445
208 2560 68.3018145792
208 2432 67.129794141
208 2304 65.7996579716
208 2176 64.402587519
208 2048 63.0234141498
208 1920 61.652356345
208 1792 59.8036248061
208 1664 57.8558797524
208 1536 55.8096384747
208 1408 53.5807847551
208 1280 50.872531185
208 1152 47.8817593298
208 1024 44.9261190787
208 896 41.1858974359
208 768 37.3868778281
208 640 31.6568047337
208 512 27.0458265139
208 384 18.4194711538
208 256 13.6752136752
208 128 1.92307692308
208 64 2.5641025641
208 32 0.721153846154
208 16 0.480769230769
208 4 0.480769230769

204 3200 73.110500228
204 3072 72.0472754093
204 2944 72.8849214323
204 2816 72.0042283125
204 2688 69.8257957102
204 2560 68.7372766473
204 2432 68.4139252821
204 2304 66.2199162937
204 2176 79.2430065702
204 2048 64.0463344573
204 1920 62.2323809109
204 1792 60.2941176471
204 1664 58.5417132633
204 1536 56.6126279863
204 1408 54.0316425972
204 1280 51.4528465542
204 1152 48.4211033022
204 1024 45.2952130573
204 896 41.6913528001
204 768 37.872421696
204 640 32.2775263952
204 512 27.0016339869
204 384 18.7806372549
204 256 12.5490196078
204 128 1.96078431373
204 64 2.61437908497
204 32 0.735294117647
204 16 0.490196078431
204 4 0.490196078431

200 3200 73.5875247164
200 3072 72.4406041512
200 2944 73.3489655974
200 2816 72.4402308326
200 2688 70.2710843373
200 2560 82.4801526718
200 2432 68.0773400519
200 2304 67.3906738698
200 2176 66.1161193389
200 2048 63.958468446
200 1920 62.7102855051
200 1792 60.9075144509
200 1664 58.7959565706
200 1536 56.8714285714
200 1408 54.567687747
200 1280 67.9713541667
200 1152 48.9092382496
200 1024 45.9444444444
200 896 42.3727598566
200 768 38.1346153846
200 640 32.9230769231
200 512 37.7714285714
200 384 19.15625
200 256 16.0
200 128 2.0
200 64 2.0
200 32 0.75
200 16 0.5
200 4 0.5

196 3200 73.9611391974
196 3072 72.8718432395
196 2944 73.7740840408
196 2816 72.8081732084
196 2688 71.6182321809
196 2560 69.6768297115
196 2432 68.4837038835
196 2304 67.2365860439
196 2176 66.6076347895
196 2048 64.7789915669
196 1920 63.1806716181
196 1792 76.2105669202
196 1664 59.5057480846
196 1536 57.6445436271
196 1408 55.2988123611
196 1280 52.7051585806
196 1152 49.5062011943
196 1024 46.3668984077
196 896 58.559540321
196 768 38.6650201482
196 640 32.9611089719
196 512 39.6758703481
196 384 19.5471938776
196 256 16.3265306122
196 128 2.04081632653
196 64 2.04081632653
196 32 0.765306122449
196 16 0.510204081633
196 4 0.510204081633

192 3200 74.3875521558
192 3072 85.1285833467
192 2944 74.2059040712
192 2816 73.2885167145
192 2688 71.2687266982
192 2560 70.1610256338
192 2432 69.0580080545
192 2304 67.6963371721
192 2176 66.3639693209
192 2048 79.2796762145
192 1920 63.7367931548
192 1792 61.7788461538
192 1664 59.9002196997
192 1536 73.4342447917
192 1408 55.6858059051
192 1280 53.0335663199
192 1152 50.134569378
192 1024 63.3425245098
192 896 43.2090643275
192 768 39.2207278481
192 640 33.6477987421
192 512 39.3452380952
192 384 19.9544270833
192 256 16.6666666667
192 128 2.08333333333
192 64 2.08333333333
192 32 0.78125
192 16 0.520833333333
192 4 0.520833333333

188 3200 74.8621098009
188 3072 73.6822404457
188 2944 74.6679783862
188 2816 73.7941372838
188 2688 71.5872956973
188 2560 70.5897270818
188 2432 69.6163623361
188 2304 68.1463484761
188 2176 67.6221230934
188 2048 66.09548433
188 1920 64.516851817
188 1792 62.3909525125
188 1664 60.4224539264
188 1536 58.5816179908
188 1408 56.3794053988
188 1280 53.6042881788
188 1152 50.7159423213
188 1024 47.728059713
188 896 43.8208910964
188 768 39.8032918507
188 640 34.3637093537
188 512 28.7016934433
188 384 21.7375886525
188 256 17.0212765957
188 128 1.41843971631
188 64 2.83687943262
188 32 0.797872340426
188 16 0.531914893617
188 4 0.531914893617

184 3200 75.2665399832
184 3072 74.1958866659
184 2944 75.1956462164
184 2816 74.2456717486
184 2688 72.1497957461
184 2560 71.1863686021
184 2432 69.9490567577
184 2304 68.6994202899
184 2176 67.4905567776
184 2048 66.0127849978
184 1920 64.6829741607
184 1792 62.9588320819
184 1664 60.9425205284
184 1536 58.9438754181
184 1408 56.8413414032
184 1280 54.2805845164
184 1152 51.3319044703
184 1024 48.2422026911
184 896 44.3103448276
184 768 40.6685808039
184 640 45.3870625663
184 512 29.9365942029
184 384 20.8220108696
184 256 17.3913043478
184 128 2.17391304348
184 64 2.89855072464
184 32 0.815217391304
184 16 0.54347826087
184 4 0.54347826087

180 3200 75.7374397861
180 3072 74.6138818409
180 2944 75.6150440622
180 2816 74.7241533261
180 2688 72.600231582
180 2560 72.4330237434
180 2432 70.4961023354
180 2304 69.2382746885
180 2176 67.9898909637
180 2048 67.1299350717
180 1920 79.582172055
180 1792 63.8606060606
180 1664 61.4846135776
180 1536 59.9176626826
180 1408 57.3442367601
180 1280 70.5051323609
180 1152 51.9040247678
180 1024 48.790560472
180 896 44.9847792998
180 768 41.0559006211
180 640 47.5555555556
180 512 29.977324263
180 384 22.7037037037
180 256 20.3174603175
180 128 2.22222222222
180 64 2.22222222222
180 32 0.833333333333
180 16 0.555555555556
180 4 0.555555555556

176 3200 76.1407941258
176 3072 75.0793631328
176 2944 76.0945239439
176 2816 87.3407152655
176 2688 73.0512198627
176 2560 72.0787970968
176 2432 71.046789944
176 2304 69.7482725742
176 2176 69.2188595466
176 2048 67.0751454462
176 1920 65.8839024765
176 1792 64.0313563442
176 1664 62.1375664725
176 1536 60.1765898421
176 1408 57.9435280786
176 1280 55.474240535
176 1152 52.5146178477
176 1024 49.3750995064
176 896 45.3854422604
176 768 41.7297979798
176 640 36.0269360269
176 512 30.6586270872
176 384 23.2196969697
176 256 18.1818181818
176 128 2.27272727273
176 64 3.0303030303
176 32 0.852272727273
176 16 0.568181818182
176 4 0.568181818182

172 3200 76.5841963244
172 3072 75.5639005504
172 2944 76.5483559123
172 2816 75.6473977823
172 2688 73.5436281103
172 2560 72.5394758043
172 2432 71.5255050311
172 2304 70.2246175635
172 2176 69.7391418532
172 2048 67.6538646234
172 1920 66.7385376495
172 1792 64.8843367064
172 1664 62.6661984645
172 1536 60.9088127295
172 1408 58.6412870341
172 1280 55.9963099631
172 1152 53.165961945
172 1024 49.9979847648
172 896 46.2845509357
172 768 42.4382936225
172 640 36.8647717485
172 512 42.7002583979
172 384 32.399577167
172 256 18.6046511628
172 128 2.32558139535
172 64 3.1007751938
172 32 0.872093023256
172 16 0.290697674419
172 4 0.581395348837

168 3200 77.0588744744
168 3072 75.9870416161
168 2944 77.044862451
168 2816 76.225753843
168 2688 74.1416569111
168 2560 73.0926428842
168 2432 72.8265805499
168 2304 70.8495501151
168 2176 69.62375799
168 2048 68.8584265197
168 1920 66.9811947768
168 1792 79.4765424649
168 1664 63.2680686488
168 1536 76.0791852152
168 1408 59.1196685509
168 1280 56.7709239603
168 1152 53.6995515695
168 1024 50.6616025484
168 896 46.9126984127
168 768 58.0503512881
168 640 37.0562770563
168 512 43.7169312169
168 384 30.4067460317
168 256 19.0476190476
168 128 2.38095238095
168 64 3.1746031746
168 32 0.892857142857
168 16 0.595238095238
168 4 0.595238095238

164 3200 77.4869597424
164 3072 76.4234986501
164 2944 77.583411192
164 2816 76.6924577458
164 2688 74.5795195699
164 2560 73.5979387061
164 2432 73.4141895497
164 2304 71.3767734047
164 2176 70.0452058595
164 2048 68.7089677423
164 1920 67.6375257602
164 1792 65.8130601793
164 1664 64.1598235078
164 1536 62.2890013806
164 1408 60.1290287456
164 1280 57.3178051708
164 1152 54.359260727
164 1024 51.1082729071
164 896 47.4245827985
164 768 43.7040846312
164 640 37.2822299652
164 512 32.243902439
164 384 31.1483739837
164 256 19.512195122
164 128 2.43902439024
164 64 2.43902439024
164 32 0.914634146341
164 16 0.609756097561
164 4 0.609756097561

160 3200 77.9872946488
160 3072 76.9076227116
160 2944 77.9937836769
160 2816 77.1646859083
160 2688 75.1130600591
160 2560 86.0262738854
160 2432 73.9024167882
160 2304 72.6142769608
160 2176 70.6113607189
160 2048 69.3148518599
160 1920 68.1807147405
160 1792 66.3817723646
160 1664 64.3834043949
160 1536 62.7103409933
160 1408 60.4449430823
160 1280 57.9850414692
160 1152 54.987244898
160 1024 51.9472361809
160 896 48.1351791531
160 768 44.2633928571
160 640 38.2142857143
160 512 32.4019607843
160 384 23.9453125
160 256 20.0
160 128 2.5
160 64 3.33333333333
160 32 0.9375
160 16 0.3125
160 4 0.625

156 3200 78.4464234341
156 3072 77.4026352058
156 2944 78.5758485792
156 2816 77.7235757975
156 2688 75.5723730203
156 2560 74.6140411673
156 2432 74.4448841512
156 2304 72.3741385049
156 2176 71.3103406765
156 2048 69.9277022347
156 1920 68.7255303103
156 1792 67.0143415906
156 1664 79.5489772969
156 1536 63.5643843336
156 1408 61.0854848344
156 1280 58.7067026541
156 1152 55.908181414
156 1024 52.4879411018
156 896 48.7344381235
156 768 44.8642533937
156 640 38.506522717
156 512 33.8974358974
156 384 26.1965811966
156 256 20.5128205128
156 128 2.5641025641
156 64 2.5641025641
156 32 0.961538461538
156 16 0.641025641026
156 4 0.641025641026

152 3200 78.9055481167
152 3072 77.9285287081
152 2944 79.0130358247
152 2816 78.1865907372
152 2688 76.0887042947
152 2560 75.1714624718
152 2432 74.2381175985
152 2304 72.9239355843
152 2176 71.7234490402
152 2048 70.4932973365
152 1920 69.3194876028
152 1792 67.7417280987
152 1664 65.7032884277
152 1536 64.1561125436
152 1408 61.7342261772
152 1280 59.2809339228
152 1152 56.3213885778
152 1024 53.2540568387
152 896 49.539054643
152 768 45.7756232687
152 640 52.3867809058
152 512 34.7894736842
152 384 25.2055921053
152 256 21.0526315789
152 128 2.63157894737
152 64 3.50877192982
152 32 0.986842105263
152 16 0.328947368421
152 4 0.657894736842

148 3200 79.3795292912
148 3072 78.4116390644
148 2944 79.6033420829
148 2816 78.7422037422
148 2688 76.6661605807
148 2560 75.6539700322
148 2432 74.7499329354
148 2304 73.5448536941
148 2176 73.1698916354
148 2048 71.1789902063
148 1920 70.0513145521
148 1792 68.2934733294
148 1664 66.3607322144
148 1536 64.8160208401
148 1408 62.6048657718
148 1280 59.9857510572
148 1152 57.3554567225
148 1024 54.1632100598
148 896 50.3964532356
148 768 46.2022367195
148 640 40.5879563774
148 512 47.012802276
148 384 25.8868243243
148 256 21.6216216216
148 128 2.7027027027
148 64 3.6036036036
148 32 2.02702702703
148 16 0.675675675676
148 4 0.675675675676

144 3200 79.8857625326
144 3072 88.7809082637
144 2944 80.1133478557
144 2816 79.3036226783
144 2688 77.206470878
144 2560 76.3175502132
144 2432 75.3492502907
144 2304 85.9939190758
144 2176 73.0079161926
144 2048 71.7413991852
144 1920 70.6294729725
144 1792 68.9503991624
144 1664 67.4031726411
144 1536 79.3883727477
144 1408 63.1778555739
144 1280 60.7565176909
144 1152 57.9702627939
144 1024 70.466939332
144 896 50.9920634921
144 768 62.5946969697
144 640 41.7153996101
144 512 49.6246246246
144 384 26.6059027778
144 256 22.2222222222
144 128 2.77777777778
144 64 3.7037037037
144 32 1.04166666667
144 16 0.694444444444
144 4 0.694444444444

140 3200 80.4199530419
140 3072 79.4068740819
140 2944 80.6299308168
140 2816 79.8443155488
140 2688 77.7803334953
140 2560 76.8425442226
140 2432 76.7734019837
140 2304 74.6532907066
140 2176 74.3830290737
140 2048 72.3339821711
140 1920 71.2931213849
140 1792 69.6891534392
140 1664 67.6972152772
140 1536 65.9941491955
140 1408 63.929729104
140 1280 76.199883223
140 1152 58.7329700272
140 1024 55.2930688656
140 896 51.80543383
140 768 48.014527845
140 640 55.5844155844
140 512 36.3186813187
140 384 27.3660714286
140 256 18.2857142857
140 128 2.85714285714
140 64 3.80952380952
140 32 1.07142857143
140 16 0.714285714286
140 4 0.714285714286

136 3200 80.8447566072
136 3072 79.8658462295
136 2944 81.140072308
136 2816 80.4068996019
136 2688 78.2946192205
136 2560 77.4344971907
136 2432 77.435319823
136 2304 75.2967227072
136 2176 74.2610896818
136 2048 72.9912493453
136 1920 71.9645227414
136 1792 70.1951901939
136 1664 68.2669402375
136 1536 66.6610850636
136 1408 64.4520308123
136 1280 62.0428182049
136 1152 59.3287983643
136 1024 56.3914901355
136 896 52.5235471832
136 768 48.8744659875
136 640 42.6719840479
136 512 36.6814650388
136 384 28.1709558824
136 256 18.8235294118
136 128 2.94117647059
136 64 3.92156862745
136 32 2.20588235294
136 16 0.735294117647
136 4 0.735294117647

132 3200 81.3688179526
132 3072 80.4024502544
132 2944 81.698888233
132 2816 91.0853114958
132 2688 78.8864878807
132 2560 77.9776854017
132 2432 76.9639829996
132 2304 76.790464249
132 2176 74.8427993858
132 2048 73.6072835211
132 1920 72.5699121492
132 1792 70.9037076913
132 1664 69.1099199958
132 1536 67.5055359387
132 1408 79.4591211258
132 1280 63.0398029176
132 1152 60.082427428
132 1024 56.955922865
132 896 53.4690185436
132 768 49.5254745255
132 640 43.9650744735
132 512 37.7930245855
132 384 38.6994949495
132 256 19.3939393939
132 128 3.0303030303
132 64 4.0404040404
132 32 1.13636363636
132 16 0.757575757576
132 4 0.757575757576

128 3200 81.9062147503
128 3072 80.9966843019
128 2944 82.2800414077
128 2816 81.5221425037
128 2688 79.4386972937
128 2560 78.6037495767
128 2432 77.6960357183
128 2304 76.5704150729
128 2176 75.546176032
128 2048 86.1035555018
128 1920 73.3610663881
128 1792 71.7648928442
128 1664 69.8693764237
128 1536 68.2227822581
128 1408 66.0177171002
128 1280 63.8561782359
128 1152 60.9193313953
128 1024 73.4197443182
128 896 54.3290441176
128 768 50.5180027174
128 640 44.5833333333
128 512 38.9740566038
128 384 36.8389423077
128 256 20.0
128 128 3.125
128 64 4.16666666667
128 32 1.171875
128 16 0.78125
128 4 0.78125

124 3200 82.395552327
124 3072 81.4751099576
124 2944 82.7825597624
124 2816 82.0607805751
124 2688 79.9958002849
124 2560 79.1886313242
124 2432 78.2815539777
124 2304 78.0479853528
124 2176 76.9683416206
124 2048 75.6334509286
124 1920 73.9442972196
124 1792 72.319835278
124 1664 70.7532888809
124 1536 68.9119012708
124 1408 67.1202323942
124 1280 64.3706224721
124 1152 61.8457187359
124 1024 58.5031126203
124 896 55.1090807384
124 768 51.0380919698
124 640 46.0215053763
124 512 39.486260454
124 384 30.8971774194
124 256 25.8064516129
124 128 3.22580645161
124 64 4.30107526882
124 32 1.20967741935
124 16 0.806451612903
124 4 0.806451612903

120 3200 82.9303934281
120 3072 81.9903239235
120 2944 83.3986811502
120 2816 82.6117613877
120 2688 80.5386962107
120 2560 89.6902260859
120 2432 78.8229730208
120 2304 77.7907969017
120 2176 76.7860703959
120 2048 75.637020649
120 1920 74.7489092496
120 1792 73.1482124262
120 1664 71.3382393023
120 1536 69.9287042777
120 1408 67.575256975
120 1280 79.4792935445
120 1152 62.4782608696
120 1024 59.4109195402
120 896 55.9753787879
120 768 51.9109947644
120 640 46.0215053763
120 512 40.0606060606
120 384 31.9270833333
120 256 26.6666666667
120 128 6.66666666667
120 64 4.44444444444
120 32 2.5
120 16 0.833333333333
120 4 0.833333333333

116 3200 83.4625959292
116 3072 82.5044860188
116 2944 83.9157803198
116 2816 83.2303255047
116 2688 81.1528588224
116 2560 80.4177526259
116 2432 79.4919409478
116 2304 78.4795666311
116 2176 77.4416488169
116 2048 76.2610565512
116 1920 75.4308143426
116 1792 73.8255660521
116 1664 71.9929585858
116 1536 70.4616441779
116 1408 68.4972711486
116 1280 66.1790060852
116 1152 63.5278514589
116 1024 60.2476930549
116 896 56.9350799461
116 768 52.8706007821
116 640 47.6084538376
116 512 41.4420062696
116 384 33.0280172414
116 256 31.5270935961
116 128 6.89655172414
116 64 4.59770114943
116 32 1.29310344828
116 16 0.862068965517
116 4 0.862068965517

112 3200 83.9825089397
112 3072 83.082041162
112 2944 84.5015157114
112 2816 83.849687007
112 2688 81.7995759948
112 2560 81.0382234222
112 2432 81.1063751601
112 2304 79.1024203345
112 2176 78.0119841157
112 2048 77.8168095076
112 1920 76.0847070736
112 1792 86.4775400777
112 1664 72.8215305857
112 1536 71.3410777534
112 1408 69.2011278195
112 1280 67.0953866191
112 1152 64.1517857143
112 1024 76.2539955741
112 896 57.9964678179
112 768 54.2000728863
112 640 48.5260770975
112 512 56.2074829932
112 384 42.1016483516
112 256 32.6530612245
112 128 7.14285714286
112 64 4.7619047619
112 32 1.33928571429
112 16 0.892857142857
112 4 0.892857142857

108 3200 84.5201602458
108 3072 83.6590339762
108 2944 85.0980098677
108 2816 84.4250363901
108 2688 82.4400594311
108 2560 82.6572836168
108 2432 80.7301116507
108 2304 89.7480754448
108 2176 78.7458842056
108 2048 77.7139782991
108 1920 76.9320059633
108 1792 75.3396253396
108 1664 73.5886189834
108 1536 72.2766884532
108 1408 70.1398414876
108 1280 67.9501197542
108 1152 79.3797348485
108 1024 62.3398160712
108 896 58.6932777281
108 768 70.16985138
108 640 49.537037037
108 512 43.7169312169
108 384 47.299382716
108 256 23.7037037037
108 128 3.7037037037
108 64 3.7037037037
108 32 1.38888888889
108 16 0.925925925926
108 4 0.925925925926

104 3200 85.0898741357
104 3072 84.1911701358
104 2944 85.7304608647
104 2816 85.0538664808
104 2688 83.0268350173
104 2560 82.2354437316
104 2432 81.3918483738
104 2304 80.3657287788
104 2176 79.4707539576
104 2048 78.4059774698
104 1920 77.5771585372
104 1792 76.1545688887
104 1664 74.5146045664
104 1536 73.2403359162
104 1408 70.8453071278
104 1280 68.696483717
104 1152 66.021265424
104 1024 63.0271313891
104 896 59.8279352227
104 768 55.8067542214
104 640 50.650887574
104 512 44.6018893387
104 384 36.8389423077
104 256 24.6153846154
104 128 7.69230769231
104 64 5.12820512821
104 32 1.44230769231
104 16 0.480769230769
104 4 0.961538461538

100 3200 93.2446327781
100 3072 84.8001385088
100 2944 86.3064720161
100 2816 85.6815504002
100 2688 83.6363383726
100 2560 82.9290399107
100 2432 82.0914196281
100 2304 82.1464344511
100 2176 81.1579502042
100 2048 79.0899136336
100 1920 78.409382151
100 1792 77.006090134
100 1664 75.3208633094
100 1536 74.0043739748
100 1408 71.904296875
100 1280 82.8603174603
100 1152 66.911308204
100 1024 64.0258064516
100 896 60.7814910026
100 768 57.2019230769
100 640 64.6037735849
100 512 44.813559322
100 384 36.0588235294
100 256 23.2727272727
100 128 8.0
100 64 4.0
100 32 3.0
100 16 0.5
100 4 1.0

96 3200 86.2468589941
96 3072 92.9006864492
96 2944 86.9506122831
96 2816 86.2925717877
96 2688 84.3232220668
96 2560 83.5906730358
96 2432 82.7391954689
96 2304 81.8053484648
96 2176 80.8949430648
96 2048 89.7943281784
96 1920 79.1761405649
96 1792 77.7064896755
96 1664 76.0518363552
96 1536 86.4461986511
96 1408 72.7684218849
96 1280 70.6195887446
96 1152 68.1134886241
96 1024 79.2753067485
96 896 61.7272347536
96 768 58.4610849057
96 640 52.4509803922
96 512 61.2037037037
96 384 37.5612745098
96 256 26.6666666667
96 128 4.16666666667
96 64 5.55555555556
96 32 3.125
96 16 1.04166666667
96 4 1.04166666667

92 3200 86.8417735144
92 3072 85.9705918777
92 2944 95.3136421577
92 2816 86.9433290182
92 2688 84.9680971203
92 2560 84.2500467844
92 2432 83.4306731888
92 2304 82.5119148329
92 2176 81.623757234
92 2048 80.6091043415
92 1920 79.940881137
92 1792 78.5366459627
92 1664 76.9785794814
92 1536 75.5256227123
92 1408 73.604483779
92 1280 71.8244358833
92 1152 69.0549199085
92 1024 66.0965473146
92 896 62.8361858191
92 768 59.0530077427
92 640 53.9382482672
92 512 47.1133285816
92 384 37.0169082126
92 256 27.8260869565
92 128 4.34782608696
92 64 4.34782608696
92 32 3.26086956522
92 16 0.54347826087
92 4 1.08695652174

88 3200 87.4113679855
88 3072 86.5690809737
88 2944 88.2161068835
88 2816 95.3092008215
88 2688 85.610441301
88 2560 84.9174787803
88 2432 84.1446037354
88 2304 83.2430704823
88 2176 82.3719902876
88 2048 81.3781404324
88 1920 80.7494532635
88 1792 79.3189973151
88 1664 77.8957184239
88 1536 76.3710842286
88 1408 74.7502571877
88 1280 72.6372912801
88 1152 70.1986600912
88 1024 67.206631271
88 896 63.9718614719
88 768 60.3591720779
88 640 54.8015364917
88 512 49.2548435171
88 384 40.9759358289
88 256 36.3636363636
88 128 4.54545454545
88 64 6.06060606061
88 32 1.70454545455
88 16 1.13636363636
88 4 1.13636363636

84 3200 88.0172971336
84 3072 87.1758416742
84 2944 88.8695264006
84 2816 88.2543476842
84 2688 93.8353524847
84 2560 85.6027213354
84 2432 84.9012427494
84 2304 83.9819431009
84 2176 83.1821103172
84 2048 82.2442152127
84 1920 81.6484139693
84 1792 90.1638642879
84 1664 78.801746199
84 1536 77.3946754494
84 1408 75.694958467
84 1280 73.7483047016
84 1152 71.2797619048
84 1024 68.3697089947
84 896 79.0663456394
84 768 75.7448433919
84 640 56.6137566138
84 512 49.9622071051
84 384 52.1258503401
84 256 38.0952380952
84 128 4.7619047619
84 64 4.7619047619
84 32 1.78571428571
84 16 1.19047619048
84 4 1.19047619048

80 3200 88.6055283531
80 3072 87.7729711337
80 2944 89.4864868697
80 2816 88.9222465846
80 2688 86.91346687
80 2560 93.8458562314
80 2432 85.540771297
80 2304 84.7261743047
80 2176 83.8875272331
80 2048 83.02341018
80 1920 82.4944626348
80 1792 81.0954335557
80 1664 79.6530736458
80 1536 78.3298611111
80 1408 76.5278547672
80 1280 86.6183628319
80 1152 72.1937799043
80 1024 69.6127946128
80 896 66.2668161435
80 768 62.753164557
80 640 57.8378378378
80 512 51.640625
80 384 42.5694444444
80 256 32.0
80 128 10.0
80 64 5.0
80 32 3.75
80 16 1.25
80 4 1.25

76 3200 89.1900229042
76 3072 88.4122889371
76 2944 90.1248134581
76 2816 89.6208935231
76 2688 87.6174999185
76 2560 86.9878242999
76 2432 93.8307110146
76 2304 85.4642944714
76 2176 84.677574538
76 2048 83.9047304284
76 1920 83.2448204151
76 1792 82.0585372185
76 1664 80.6073111392
76 1536 79.3306763568
76 1408 77.5880237165
76 1280 75.9250281193
76 1152 73.394785485
76 1024 70.6596035543
76 896 67.6315789474
76 768 64.1609145815
76 640 59.2797783934
76 512 52.711323764
76 384 44.8099415205
76 256 42.1052631579
76 128 5.26315789474
76 64 5.26315789474
76 32 1.97368421053
76 16 1.31578947368
76 4 1.31578947368

72 3200 89.8076123707
72 3072 89.0452571705
72 2944 90.8216909013
72 2816 90.3120374938
72 2688 88.3301283406
72 2560 87.7404385623
72 2432 87.0608279633
72 2304 93.8249172644
72 2176 85.505423981
72 2048 84.7209005723
72 1920 84.0963754884
72 1792 83.0338849488
72 1664 81.5846892338
72 1536 90.1638689049
72 1408 78.7048913973
72 1280 77.0759508623
72 1152 74.6438112199
72 1024 72.0132358063
72 896 68.8446307943
72 768 79.0669856459
72 640 60.9686609687
72 512 68.0041152263
72 384 44.8099415205
72 256 44.4444444444
72 128 11.1111111111
72 64 7.40740740741
72 32 2.08333333333
72 16 1.38888888889
72 4 1.38888888889

68 3200 90.4254114427
68 3072 89.6739326085
68 2944 91.4973156591
68 2816 90.9843958707
68 2688 89.0259933881
68 2560 88.4450698608
68 2432 87.835066373
68 2304 87.0663909103
68 2176 93.8261489351
68 2048 85.5913730831
68 1920 85.1174980127
68 1792 83.8921988827
68 1664 82.5253024204
68 1536 81.3777596075
68 1408 79.7736334219
68 1280 78.1747933389
68 1152 75.7949465012
68 1024 73.1901587114
68 896 70.2436125966
68 768 67.0385395538
68 640 62.1641249092
68 512 56.3512361466
68 384 45.0735294118
68 256 34.2245989305
68 128 5.88235294118
68 64 7.8431372549
68 32 2.20588235294
68 16 1.47058823529
68 4 1.47058823529

64 3200 91.0780191077
64 3072 90.345716726
64 2944 92.2070417514
64 2816 91.709574172
64 2688 89.7723096674
64 2560 89.2532410967
64 2432 88.6006558029
64 2304 87.8867546722
64 2176 87.2007767914
64 2048 93.9697065205
64 1920 86.0615757113
64 1792 84.9392734308
64 1664 83.6051959114
64 1536 82.5490339578
64 1408 80.9049753868
64 1280 79.39548183
64 1152 77.1711333879
64 1024 86.4339464883
64 896 72.0151072125
64 768 68.6000922509
64 640 64.4578313253
64 512 71.2284482759
64 384 50.4111842105
64 256 36.3636363636
64 128 6.25
64 64 6.25
64 32 2.34375
64 16 1.5625
64 4 1.5625

60 3200 91.7193441258
60 3072 90.9676752379
60 2944 92.8968131302
60 2816 92.4266330073
60 2688 90.4883460817
60 2560 89.9876588077
60 2432 89.3535553952
60 2304 88.6941715783
60 2176 88.0301211706
60 2048 87.3299615136
60 1920 94.4248787478
60 1792 85.8761206194
60 1664 84.6644023937
60 1536 83.5518518519
60 1408 81.9933184855
60 1280 90.3774238227
60 1152 78.280155642
60 1024 76.0110294118
60 896 73.2465923172
60 768 69.823943662
60 640 78.1735159817
60 512 59.5495495495
60 384 51.0833333333
60 256 38.7878787879
60 128 13.3333333333
60 64 8.88888888889
60 32 2.5
60 16 1.66666666667
60 4 1.66666666667

56 3200 92.3478013766
56 3072 91.6495357612
56 2944 93.5814377651
56 2816 93.1635530864
56 2688 91.2526257829
56 2560 90.7586517609
56 2432 90.1733127842
56 2304 89.5456468846
56 2176 88.877443852
56 2048 88.2648881239
56 1920 87.8244889171
56 1792 94.4542385036
56 1664 85.681550347
56 1536 84.6301020408
56 1408 83.2165461121
56 1280 81.9137584735
56 1152 79.6563192905
56 1024 77.3861509669
56 896 74.8606889564
56 768 71.7784749035
56 640 67.1899529042
56 512 74.9433106576
56 384 54.7321428571
56 256 50.7936507937
56 128 14.2857142857
56 64 14.2857142857
56 32 5.35714285714
56 16 1.78571428571
56 4 1.78571428571

52 3200 93.010467658
52 3072 92.3076105643
52 2944 94.3111682971
52 2816 93.891245579
52 2688 91.9781739143
52 2560 91.5285889427
52 2432 90.9881917403
52 2304 90.345734543
52 2176 89.7605879233
52 2048 89.175367087
52 1920 88.7700908818
52 1792 87.9267902591
52 1664 94.4364266128
52 1536 85.7930632321
52 1408 84.4174208145
52 1280 83.0571937715
52 1152 81.0512462398
52 1024 78.7319116527
52 896 76.1628656101
52 768 73.3357988166
52 640 68.5897435897
52 512 63.5576923077
52 384 56.1355311355
52 256 41.0256410256
52 128 7.69230769231
52 64 15.3846153846
52 32 5.76923076923
52 16 1.92307692308
52 4 1.92307692308

48 3200 89.8665224857
48 3072 97.2960685336
48 2944 95.0294682761
48 2816 94.6589391132
48 2688 92.7642772599
48 2560 92.3444065289
48 2432 91.8179328127
48 2304 91.2753978157
48 2176 90.6539883223
48 2048 90.1428380583
48 1920 89.8944822231
48 1792 89.0099679
48 1664 87.8675976903
48 1536 94.4365371735
48 1408 85.6003534226
48 1280 84.3491468459
48 1152 82.4508196721
48 1024 90.205061082
48 896 77.8172722486
48 768 86.3675958188
48 640 70.6270627063
48 512 77.5821596244
48 384 55.5253623188
48 256 59.2592592593
48 128 8.33333333333
48 64 11.1111111111
48 32 6.25
48 16 2.08333333333
48 4 2.08333333333

44 3200 90.8051932635
44 3072 90.0647894763
44 2944 91.9264669253
44 2816 99.8231576396
44 2688 93.5618392223
44 2560 93.1521139389
44 2432 92.6798973916
44 2304 92.1229482391
44 2176 91.5795075485
44 2048 91.0758558469
44 1920 90.8372480197
44 1792 90.0431544016
44 1664 89.0736665381
44 1536 88.1693113421
44 1408 94.4361789452
44 1280 85.8058648198
44 1152 83.9462557027
44 1024 81.8379733474
44 896 79.491662184
44 768 76.6031419006
44 640 73.4133790738
44 512 67.517875383
44 384 58.0492424242
44 256 48.4848484848
44 128 9.09090909091
44 64 12.1212121212
44 32 6.81818181818
44 16 2.27272727273
44 4 2.27272727273

40 3200 91.7600998846
40 3072 91.0374267267
40 2944 92.9501737952
40 2816 92.4704025257
40 2688 90.5733116649
40 2560 98.2750950885
40 2432 93.5338606134
40 2304 93.0228815888
40 2176 92.5419095115
40 2048 92.1077304404
40 1920 91.951749678
40 1792 91.1768099221
40 1664 90.2240606687
40 1536 89.3543702139
40 1408 88.21485623
40 1280 94.706095791
40 1152 85.3904923599
40 1024 83.4791386272
40 896 81.3067400275
40 768 78.899204244
40 640 75.0877192982
40 512 70.3191489362
40 384 61.3
40 256 49.2307692308
40 128 20.0
40 64 20.0
40 32 3.75
40 16 2.5
40 4 2.5

36 3200 92.7334752411
36 3072 95.1278720527
36 2944 94.0182228003
36 2816 93.584254585
36 2688 95.1742601911
36 2560 94.8161178122
36 2432 94.4365012794
36 2304 98.2677628933
36 2176 93.5139647845
36 2048 93.1165657094
36 1920 92.9767292935
36 1792 92.3083661848
36 1664 91.4535290007
36 1536 90.6639337674
36 1408 89.6527371907
36 1280 88.5620249729
36 1152 94.5572476029
36 1024 85.2401566687
36 896 83.24179693
36 768 90.0544959128
36 640 77.3261065944
36 512 72.0043572985
36 384 77.398989899
36 256 64.6464646465
36 128 22.2222222222
36 64 14.8148148148
36 32 8.33333333333
36 16 2.77777777778
36 4 2.77777777778

32 3200 93.7227426281
32 3072 95.8582997555
32 2944 95.0947640918
32 2816 94.6983848718
32 2688 92.8384491234
32 2560 95.6770833333
32 2432 91.9300130316
32 2304 91.3274506782
32 2176 90.790792266
32 2048 98.4494025679
32 1920 94.1260658404
32 1792 93.468361916
32 1664 92.7016433699
32 1536 92.0124537742
32 1408 91.0180973101
32 1280 90.1277624309
32 1152 88.672425952
32 1024 94.550304878
32 896 85.1238479263
32 768 82.8090200445
32 640 80.4511278195
32 512 86.0677083333
32 384 68.4151785714
32 256 53.3333333333
32 128 25.0
32 64 16.6666666667
32 32 9.375
32 16 3.125
32 4 3.125

28 3200 96.2109608042
28 3072 95.5492901443
28 2944 96.2068029824
28 2816 95.8562646929
28 2688 96.8312668755
28 2560 93.6149382012
28 2432 93.1975626071
28 2304 92.662835249
28 2176 92.1686494638
28 2048 95.2069672283
28 1920 95.2109568639
28 1792 98.9993892986
28 1664 93.9876713149
28 1536 93.3218422504
28 1408 92.4628290135
28 1280 91.6896955504
28 1152 90.3773584906
28 1024 88.8292158969
28 896 94.5608702608
28 768 85.1560263384
28 640 82.6254826255
28 512 77.4004683841
28 384 72.9761904762
28 256 70.3296703297
28 128 28.5714285714
28 64 28.5714285714
28 32 10.7142857143
28 16 3.57142857143
28 4 3.57142857143

24 3200 95.1871637745
24 3072 98.8828027218
24 2944 98.8556547619
24 2816 98.5476364044
24 2688 96.6762393031
24 2560 96.315339933
24 2432 95.9188525154
24 2304 98.3497240549
24 2176 94.970525485
24 2048 97.5683028919
24 1920 93.8661516546
24 1792 96.6076831393
24 1664 92.2139233371
24 1536 99.6950680573
24 1408 94.5914696814
24 1280 93.726659006
24 1152 92.5220750552
24 1024 91.1596119929
24 896 89.4792612776
24 768 94.608778626
24 640 84.9206349206
24 512 89.566395664
24 384 75.1225490196
24 256 76.1904761905
24 128 33.3333333333
24 64 22.2222222222
24 32 12.5
24 16 4.16666666667
24 4 4.16666666667

20 3200 98.3654880886
20 3072 95.9314093803
20 2944 98.0965741288
20 2816 97.7509965699
20 2688 95.8767123288
20 2560 99.8789055278
20 2432 97.2957903236
20 2304 96.8902787998
20 2176 96.4719699342
20 2048 95.9795994759
20 1920 98.2703338304
20 1792 94.8424842484
20 1664 94.0833932423
20 1536 93.4249033683
20 1408 92.5309986595
20 1280 99.5967947087
20 1152 94.3621013133
20 1024 93.095684803
20 896 91.7145073701
20 768 89.7285067873
20 640 94.0659340659
20 512 84.2038216561
20 384 78.5897435897
20 256 67.3684210526
20 128 20.0
20 64 40.0
20 32 15.0
20 16 5.0
20 4 5.0

16 3200 96.5943724245
16 3072 98.8994303744
16 2944 99.6775574284
16 2816 99.3952053813
16 2688 97.547101562
16 2560 98.9973979157
16 2432 96.8708717191
16 2304 98.3946363334
16 2176 96.0113080989
16 2048 99.8510467616
16 1920 97.2462196894
16 1792 96.6992964209
16 1664 96.0678281296
16 1536 98.3220013947
16 1408 94.7277686291
16 1280 96.641735782
16 1152 92.7039813222
16 1024 99.2082533589
16 896 93.7064045656
16 768 92.3757763975
16 640 90.6779661017
16 512 94.4285714286
16 384 81.5159574468
16 256 80.0
16 128 50.0
16 64 33.3333333333
16 32 18.75
16 16 6.25
16 4 6.25

12 3200 98.3925802563
12 3072 98.9068222374
12 2944 100.094131492
12 2816 99.8176768279
12 2688 99.2730590499
12 2560 99.015212103
12 2432 98.7408199786
12 2304 99.9017897035
12 2176 98.0672129791
12 2048 97.6507932881
12 1920 99.0326477763
12 1792 98.5872005988
12 1664 98.1181586445
12 1536 99.8274183556
12 1408 97.0552567753
12 1280 95.7905167352
12 1152 97.7741057543
12 1024 97.02017832
12 896 96.1607288108
12 768 99.15
12 640 93.5519125683
12 512 91.0468319559
12 384 92.8787878788
12 256 88.8888888889
12 128 33.3333333333
12 64 44.4444444444
12 32 12.5
12 16 8.33333333333
12 4 8.33333333333

8 3200 98.0419960889
8 3072 98.9148313359
8 2944 100.507798938
8 2816 101.09373442
8 2688 98.4307053486
8 2560 99.9161858069
8 2432 98.7609429549
8 2304 99.4332197815
8 2176 98.0915714522
8 2048 99.8915025245
8 1920 98.4171070772
8 1792 99.2620737298
8 1664 97.4750484135
8 1536 99.8657183331
8 1408 97.8705869843
8 1280 98.9874089806
8 1152 96.4367889556
8 1024 99.81493402
8 896 96.3017269469
8 768 97.9098090849
8 640 93.8596491228
8 512 98.9520958084
8 384 92.3192771084
8 256 94.1176470588
8 128 50.0
8 64 66.6666666667
8 32 37.5
8 16 12.5
8 4 12.5

4 3200 97.5921030147
4 3072 97.4015492815
4 2944 99.7503453595
4 2816 99.9342263637
4 2688 98.1899794065
4 2560 98.3762858439
4 2432 99.7249859082
4 2304 99.9241124316
4 2176 98.1321958088
4 2048 98.5705114405
4 1920 98.9502835823
4 1792 99.9067650638
4 1664 99.578968727
4 1536 99.8922509225
4 1408 99.5286929565
4 1280 99.8304350043
4 1152 99.377593361
4 1024 99.855107462
4 896 99.2277992278
4 768 99.781952365
4 640 98.8452655889
4 512 99.6983408748
4 384 98.2371794872
4 256 98.4615384615
4 128 100.0
4 64 80.0
4 32 75.0
4 16 25.0
4 4 25.0

1 3200 100.0
1 3072 100.0
1 2944 100.0
1 2816 100.0
1 2688 100.0
1 2560 100.0
1 2432 100.0
1 2304 100.0
1 2176 100.0
1 2048 100.0
1 1920 100.0
1 1792 100.0
1 1664 100.0
1 1536 100.0
1 1408 100.0
1 1280 100.0
1 1152 100.0
1 1024 100.0
1 896 100.0
1 768 100.0
1 640 100.0
1 512 100.0
1 384 100.0
1 256 100.0
1 128 100.0
1 64 100.0
1 32 100.0
1 16 100.0
1 4 100.0
