# x1 x2 y

512 3200 0.00366624822307
512 3072 0.00359449815729
512 2944 0.00350662373432
512 2816 0.00342348403747
512 2688 0.00333609546807
512 2560 0.00325764014498
512 2432 0.00316151451686
512 2304 0.00305161167265
512 2176 0.00294566762209
512 2048 0.00401800778959
512 1920 0.00274931393326
512 1792 0.00261876795147
512 1664 0.00249051916338
512 1536 0.00234084355283
512 1408 0.00218841441268
512 1280 0.00202973379374
512 1152 0.00189004462
512 1024 0.00169123815534
512 896 0.00148682884375
512 768 0.00194826593023
512 640 0.00100483489583
512 512 0.00100168010811
512 384 0.000477477833333
512 256 0.000322880181818
512 128 5.63875e-05
512 64 4.4117e-05
512 32 1.4145e-05
512 16 3.122e-06
512 4 5.9e-08

508 3200 0.00365165730713
508 3072 0.00357660439904
508 2944 0.00349288884172
508 2816 0.00340982224671
508 2688 0.00333187189413
508 2560 0.00323608316466
508 2432 0.00314002385926
508 2304 0.00304460291824
508 2176 0.00293662875111
508 2048 0.00284814752876
508 1920 0.00272907549547
508 1792 0.00371378979562
508 1664 0.00248911684403
508 1536 0.00337845151064
508 1408 0.00218533647398
508 1280 0.00202973379374
508 1152 0.00187339224449
508 1024 0.00170364332518
508 896 0.00148022071556
508 768 0.00190398715909
508 640 0.00100483489583
508 512 0.00109006364706
508 384 0.000452347421053
508 256 0.000322880181818
508 128 5.63875e-05
508 64 4.4117e-05
508 32 1.4145e-05
508 16 3.122e-06
508 4 5.9e-08

504 3200 0.00363607334057
504 3072 0.00356206391512
504 2944 0.00348135077047
504 2816 0.00340223510271
504 2688 0.00331456210627
504 2560 0.0032285427767
504 2432 0.00313056595607
504 2304 0.00421366850159
504 2176 0.00292864064162
504 2048 0.00282684248819
504 1920 0.00271830080372
504 1792 0.00371378979562
504 1664 0.00247656667507
504 1536 0.00339047446975
504 1408 0.00217615438796
504 1280 0.00202973379374
504 1152 0.0018692748989
504 1024 0.00171623182266
504 896 0.00148022071556
504 768 0.00192587206897
504 640 0.000984328061224
504 512 0.00119555367742
504 384 0.000452347421053
504 256 0.000322880181818
504 128 5.63875e-05
504 64 4.4117e-05
504 32 1.4145e-05
504 16 3.122e-06
504 4 5.9e-08

500 3200 0.0047860923237
500 3072 0.0035465904417
500 2944 0.00347162050279
500 2816 0.00339468164781
500 2688 0.00330260368612
500 2560 0.00321792051481
500 2432 0.00313686488154
500 2304 0.00302032378811
500 2176 0.0029226780207
500 2048 0.00281244806894
500 1920 0.00271983483352
500 1792 0.00259397262491
500 1664 0.00246826996929
500 1536 0.00232655268864
500 1408 0.0021792064979
500 1280 0.00202228522936
500 1152 0.00187339224449
500 1024 0.00170364332518
500 896 0.00148022071556
500 768 0.00128885284615
500 640 0.000984328061224
500 512 0.00119555367742
500 384 0.000452347421053
500 256 0.0003551682
500 128 5.63875e-05
500 64 4.4117e-05
500 32 9.43e-06
500 16 1.561e-06
500 4 5.9e-08

496 3200 0.00360884610657
496 3072 0.00353263984502
496 2944 0.00345747034467
496 2816 0.00337692497292
496 2688 0.00328867517948
496 2560 0.00320057657363
496 2432 0.00310949258763
496 2304 0.00301140415856
496 2176 0.00291476552521
496 2048 0.00280256827479
496 1920 0.00270305514582
496 1792 0.00258268630457
496 1664 0.00246826996929
496 1536 0.00231806162044
496 1408 0.00216704913947
496 1280 0.00201858141026
496 1152 0.00277947738235
496 1024 0.00170781892157
496 896 0.00148022071556
496 768 0.00127901427481
496 640 0.00100483489583
496 512 0.00119555367742
496 384 0.000452347421053
496 256 0.0003551682
496 128 5.63875e-05
496 64 4.4117e-05
496 32 1.4145e-05
496 16 3.122e-06
496 4 5.9e-08

492 3200 0.00359200138335
492 3072 0.00351879856832
492 2944 0.00344616470442
492 2816 0.00337535558755
492 2688 0.00328508324216
492 2560 0.00319626976163
492 2432 0.00310716860214
492 2304 0.00301003658174
492 2176 0.00289809290949
492 2048 0.00279602021807
492 1920 0.00269398956121
492 1792 0.00257335579046
492 1664 0.00246139839365
492 1536 0.00231806162044
492 1408 0.00217007574441
492 1280 0.00200755091075
492 1152 0.00277947738235
492 1024 0.00170364332518
492 896 0.00146717912335
492 768 0.00127901427481
492 640 0.000984328061224
492 512 0.00119555367742
492 384 0.000452347421053
492 256 0.0003551682
492 128 3.75916666667e-05
492 64 4.4117e-05
492 32 1.4145e-05
492 16 3.122e-06
492 4 5.9e-08

488 3200 0.00358094824189
488 3072 0.00350403965899
488 2944 0.00342680995142
488 2816 0.00335082878224
488 2688 0.00326977768271
488 2560 0.00318037400536
488 2432 0.0030879363132
488 2304 0.00299034538822
488 2176 0.00288934321603
488 2048 0.00278625530462
488 1920 0.00268498458217
488 1792 0.00256409245068
488 1664 0.00244776938815
488 1536 0.00230683614044
488 1408 0.00314529196964
488 1280 0.00200755091075
488 1152 0.00277947738235
488 1024 0.00169535309002
488 896 0.00146717912335
488 768 0.00127901427481
488 640 0.00100483489583
488 512 0.00119555367742
488 384 0.000452347421053
488 256 0.0003551682
488 128 3.75916666667e-05
488 64 4.4117e-05
488 32 1.4145e-05
488 16 3.122e-06
488 4 5.9e-08

484 3200 0.00356489497721
484 3072 0.00349381585139
484 2944 0.00341302200167
484 2816 0.00447155387748
484 2688 0.00325562061218
484 2560 0.00316704672381
484 2432 0.00308183216432
484 2304 0.00298764956187
484 2176 0.00288353937965
484 2048 0.00277978316686
484 1920 0.00267901463313
484 1792 0.00255489556241
484 1664 0.00245184221575
484 1536 0.00231524502066
484 1408 0.00313893784444
484 1280 0.00200026397459
484 1152 0.00184494594143
484 1024 0.00169123815534
484 896 0.00146717912335
484 768 0.00127901427481
484 640 0.00133977986111
484 512 0.00123540546667
484 384 0.000477477833333
484 256 0.0003551682
484 128 5.63875e-05
484 64 4.4117e-05
484 32 1.4145e-05
484 16 3.122e-06
484 4 5.9e-08

480 3200 0.00354713808453
480 3072 0.00347522633104
480 2944 0.00340067411724
480 2816 0.00332019263337
480 2688 0.00324258409041
480 2560 0.0042764905607
480 2432 0.00306743107944
480 2304 0.00296758475621
480 2176 0.00287679763761
480 2048 0.00277120027788
480 1920 0.00267010932133
480 1792 0.00255306409606
480 1664 0.0024396641915
480 1536 0.00229571885783
480 1408 0.00214609700691
480 1280 0.00199664030797
480 1152 0.00184895669348
480 1024 0.00169123815534
480 896 0.00147367106637
480 768 0.00128885284615
480 640 0.00133977986111
480 512 0.00119555367742
480 384 0.000452347421053
480 256 0.0003551682
480 128 5.63875e-05
480 64 3.52936e-05
480 32 1.4145e-05
480 16 3.122e-06
480 4 5.9e-08

476 3200 0.00353766993216
476 3072 0.00346550401158
476 2944 0.00338379978566
476 2816 0.00330960190727
476 2688 0.00322965155683
476 2560 0.00314726392201
476 2432 0.00305316395814
476 2304 0.00296095624436
476 2176 0.00396735703685
476 2048 0.00276373361047
476 1920 0.00266420526534
476 1792 0.00254758541774
476 1664 0.00243429048183
476 1536 0.00229020030288
476 1408 0.00213430526511
476 1280 0.00199664030797
476 1152 0.00184895669348
476 1024 0.00169123815534
476 896 0.00146717912335
476 768 0.00126932477273
476 640 0.00137805928571
476 512 0.00119555367742
476 384 0.000452347421053
476 256 0.0003551682
476 128 3.75916666667e-05
476 64 4.4117e-05
476 32 1.4145e-05
476 16 1.561e-06
476 4 5.9e-08

472 3200 0.00352148161303
472 3072 0.00344688299597
472 2944 0.00337100845178
472 2816 0.00329571021463
472 2688 0.00321682177219
472 2560 0.00313244071213
472 2432 0.0030471963765
472 2304 0.00295369899866
472 2176 0.00285392051922
472 2048 0.00275630707102
472 1920 0.00265832726145
472 1792 0.00253850635353
472 1664 0.00349184163902
472 1536 0.00229020030288
472 1408 0.00213724103576
472 1280 0.00198584765766
472 1152 0.00184095255195
472 1024 0.00168306792271
472 896 0.00145436533188
472 768 0.00126932477273
472 640 0.00133977986111
472 512 0.00123540546667
472 384 0.000452347421053
472 256 0.0003551682
472 128 5.63875e-05
472 64 4.4117e-05
472 32 1.4145e-05
472 16 3.122e-06
472 4 5.9e-08

468 3200 0.00350569833762
468 3072 0.00343075299246
468 2944 0.00335993567742
468 2816 0.00328304729823
468 2688 0.00320604514984
468 2560 0.00312009669732
468 2432 0.00303385423717
468 2304 0.00294124719459
468 2176 0.0028454351262
468 2048 0.00274892033691
468 1920 0.00265101613036
468 1792 0.00253128956219
468 1664 0.00349184163902
468 1536 0.0022792424067
468 1408 0.00308901437972
468 1280 0.00198584765766
468 1152 0.00183697641253
468 1024 0.00168306792271
468 896 0.00145436533188
468 768 0.00126932477273
468 640 0.00133977986111
468 512 0.00123540546667
468 384 0.000452347421053
468 256 0.0003551682
468 128 5.63875e-05
468 64 4.4117e-05
468 32 1.4145e-05
468 16 3.122e-06
468 4 5.9e-08

464 3200 0.00348903505484
464 3072 0.00341997473191
464 2944 0.00334346223774
464 2816 0.00327232321942
464 2688 0.00319340186546
464 2560 0.00310726879088
464 2432 0.0030198970385
464 2304 0.00293278785531
464 2176 0.00283793480297
464 2048 0.00273322417967
464 1920 0.00264229568257
464 1792 0.00252054098655
464 1664 0.00241171386525
464 1536 0.00227109255304
464 1408 0.00310134577445
464 1280 0.00197871714542
464 1152 0.00183697641253
464 1024 0.00167901233735
464 896 0.00145436533188
464 768 0.00125978097744
464 640 0.00137805928571
464 512 0.00123540546667
464 384 0.000452347421053
464 256 0.0003551682
464 128 5.63875e-05
464 64 4.4117e-05
464 32 1.4145e-05
464 16 3.122e-06
464 4 5.9e-08

460 3200 0.00347455245958
460 3072 0.00340409500464
460 2944 0.00333129254761
460 2816 0.00325290399082
460 2688 0.00317941686786
460 2560 0.00309569824986
460 2432 0.0030140586682
460 2304 0.00291986808502
460 2176 0.00282397774656
460 2048 0.00272492596584
460 1920 0.00263507234828
460 1792 0.0025134258391
460 1664 0.00240515316376
460 1536 0.00227109255304
460 1408 0.00213724103576
460 1280 0.00197871714542
460 1152 0.00182515038412
460 1024 0.00252460188406
460 896 0.00145436533188
460 768 0.00126932477273
460 640 0.00133977986111
460 512 0.00119555367742
460 384 0.000452347421053
460 256 0.0003551682
460 128 5.63875e-05
460 64 4.4117e-05
460 32 1.4145e-05
460 16 1.561e-06
460 4 5.9e-08

456 3200 0.00345918613608
456 3072 0.00338900137585
456 2944 0.00331573021232
456 2816 0.00324237561853
456 2688 0.00316841211422
456 2560 0.00308249820171
456 2432 0.00300100451612
456 2304 0.00290451382691
456 2176 0.00281658996959
456 2048 0.00271873529724
456 1920 0.0026264563079
456 1792 0.0025045881955
456 1664 0.00239472996479
456 1536 0.00226031631317
456 1408 0.00213724103576
456 1280 0.001968116875
456 1152 0.00182515038412
456 1024 0.00251548779783
456 896 0.00144804200435
456 768 0.00126932477273
456 640 0.00133977986111
456 512 0.00119555367742
456 384 0.000452347421053
456 256 0.0003551682
456 128 5.63875e-05
456 64 4.4117e-05
456 32 1.4145e-05
456 16 3.122e-06
456 4 5.9e-08

452 3200 0.0034434580236
452 3072 0.00337340732313
452 2944 0.00330438899734
452 2816 0.00323119625648
452 2688 0.00315417205978
452 2560 0.00306884372462
452 2432 0.00298591687072
452 2304 0.0029192250839
452 2176 0.00280284156427
452 2048 0.00272182711145
452 1920 0.00365394035254
452 1792 0.00250635074877
452 1664 0.00238568349433
452 1536 0.00225496645207
452 1408 0.00212554614637
452 1280 0.001968116875
452 1152 0.00182124213919
452 1024 0.00252460188406
452 896 0.00144804200435
452 768 0.00184121835165
452 640 0.00133977986111
452 512 0.00119555367742
452 384 0.0005371625625
452 256 0.0003551682
452 128 5.63875e-05
452 64 4.4117e-05
452 32 1.4145e-05
452 16 3.122e-06
452 4 5.9e-08

448 3200 0.00342639528725
448 3072 0.00336298582513
448 2944 0.00328814353758
448 2816 0.00321439317792
448 2688 0.00316555382634
448 2560 0.00306375443155
448 2432 0.00297452295946
448 2304 0.0028842909282
448 2176 0.00279465675762
448 2048 0.00373967704167
448 1920 0.00260798015422
448 1792 0.00249756270266
448 1664 0.0023792634634
448 1536 0.00225496645207
448 1408 0.00211685862807
448 1280 0.00195762957371
448 1152 0.00181735059615
448 1024 0.00251548779783
448 896 0.00144804200435
448 768 0.00184121835165
448 640 0.00133977986111
448 512 0.00123540546667
448 384 0.0005371625625
448 256 0.0003551682
448 128 3.75916666667e-05
448 64 4.4117e-05
448 32 1.4145e-05
448 16 3.122e-06
448 4 5.9e-08

444 3200 0.00341438059074
444 3072 0.00334825375934
444 2944 0.00327205703236
444 2816 0.00320269932113
444 2688 0.0031260725314
444 2560 0.003043564946
444 2432 0.00296744581704
444 2304 0.00288053044459
444 2176 0.00278201942087
444 2048 0.00268618777404
444 1920 0.002599540089
444 1792 0.00248362929847
444 1664 0.00238568349433
444 1536 0.00224170194353
444 1408 0.0021139785483
444 1280 0.00195762957371
444 1152 0.00181735059615
444 1024 0.00166298357995
444 896 0.00147367106637
444 768 0.00186167633333
444 640 0.00133977986111
444 512 0.000823603644444
444 384 0.0005371625625
444 256 0.0003551682
444 128 5.63875e-05
444 64 4.4117e-05
444 32 1.4145e-05
444 16 1.561e-06
444 4 5.9e-08

440 3200 0.00339687842624
440 3072 0.003331486097
440 2944 0.00326101211411
440 2816 0.00318584116043
440 2688 0.00311266979583
440 2560 0.00303191015682
440 2432 0.00295409160801
440 2304 0.00286372890603
440 2176 0.00277395559646
440 2048 0.0026932407802
440 1920 0.00259115447581
440 1792 0.00247499959277
440 1664 0.00236906297696
440 1536 0.00223643973239
440 1408 0.00210824183582
440 1280 0.00194725344523
440 1152 0.00180961718936
440 1024 0.00166298357995
440 896 0.00147367106637
440 768 0.00184121835165
440 640 0.00133977986111
440 512 0.000842321909091
440 384 0.0005371625625
440 256 0.0003551682
440 128 3.75916666667e-05
440 64 4.4117e-05
440 32 1.4145e-05
440 16 3.122e-06
440 4 5.9e-08

436 3200 0.0033814708983
436 3072 0.0033161095342
436 2944 0.00324579507205
436 2816 0.0031743537524
436 2688 0.00310166448129
436 2560 0.00301979573193
436 2432 0.00294155065307
436 2304 0.00285263634732
436 2176 0.00277038666034
436 2048 0.00267418246555
436 1920 0.00258698192432
436 1792 0.00247499959277
436 1664 0.00236020903097
436 1536 0.00316519377409
436 1408 0.00210824183582
436 1280 0.00194725344523
436 1152 0.00180577511465
436 1024 0.00166298357995
436 896 0.00147367106637
436 768 0.00184121835165
436 640 0.00133977986111
436 512 0.000842321909091
436 384 0.0005371625625
436 256 0.0003551682
436 128 5.63875e-05
436 64 4.4117e-05
436 32 1.4145e-05
436 16 3.122e-06
436 4 5.9e-08

432 3200 0.00336169621468
432 3072 0.00427812487603
432 2944 0.00322891971005
432 2816 0.00315779190674
432 2688 0.00308439767052
432 2560 0.00300777773155
432 2432 0.00292911572781
432 2304 0.00385130770076
432 2176 0.00275267885171
432 2048 0.0026593258963
432 1920 0.00256905507729
432 1792 0.00245961630801
432 1664 0.00235267244013
432 1536 0.00316519377409
432 1408 0.00209686131309
432 1280 0.0019438191358
432 1152 0.0017981397019
432 1024 0.0016511614218
432 896 0.00147367106637
432 768 0.00186167633333
432 640 0.00133977986111
432 512 0.000842321909091
432 384 0.0005371625625
432 256 0.0003551682
432 128 3.75916666667e-05
432 64 5.88226666667e-05
432 32 1.4145e-05
432 16 3.122e-06
432 4 5.9e-08

428 3200 0.00337644571333
428 3072 0.00327738478095
428 2944 0.00321251562876
428 2816 0.00314718725404
428 2688 0.00307269388485
428 2560 0.00299585500901
428 2432 0.00291610352326
428 2304 0.00283070704805
428 2176 0.00274828721347
428 2048 0.00266722879643
428 1920 0.00256495333954
428 1792 0.00245961630801
428 1664 0.00235142101862
428 1536 0.00221821496158
428 1408 0.00208840622715
428 1280 0.0019438191358
428 1152 0.0017981397019
428 1024 0.0016511614218
428 896 0.00147367106637
428 768 0.00125037962687
428 640 0.00133977986111
428 512 0.000823603644444
428 384 0.0005371625625
428 256 0.0003551682
428 128 5.63875e-05
428 64 5.88226666667e-05
428 32 1.4145e-05
428 16 3.122e-06
428 4 5.9e-08

424 3200 0.00335791078718
424 3072 0.00326309515705
424 2944 0.00319715887084
424 2816 0.00313023225321
424 2688 0.00305220331966
424 2560 0.00298295574094
424 2432 0.00290455863274
424 2304 0.00281747101084
424 2176 0.00273172601554
424 2048 0.00263492841101
424 1920 0.00255543336426
424 1792 0.00245284050551
424 1664 0.00233527285526
424 1536 0.00220793354809
424 1408 0.00209403535445
424 1280 0.0028044413486
424 1152 0.00178680688866
424 1024 0.00163950616471
424 896 0.00146074412719
424 768 0.00124111755556
424 640 0.00133977986111
424 512 0.000842321909091
424 384 0.0005729734
424 256 0.0003551682
424 128 5.63875e-05
424 64 4.4117e-05
424 32 1.4145e-05
424 16 3.122e-06
424 4 5.9e-08

420 3200 0.00334402539774
420 3072 0.00324775468619
420 2944 0.00318136609925
420 2816 0.00311245827534
420 2688 0.00304118135187
420 2560 0.00298028236243
420 2432 0.00289176322026
420 2304 0.0028043581777
420 2176 0.00272653755207
420 2048 0.00263106629535
420 1920 0.00352306091009
420 1792 0.00243773060507
420 1664 0.00233403987064
420 1536 0.00220793354809
420 1408 0.00207723827941
420 1280 0.00281878631714
420 1152 0.00178680688866
420 1024 0.00163950616471
420 896 0.00146074412719
420 768 0.00125037962687
420 640 0.00133977986111
420 512 0.000842321909091
420 384 0.0005371625625
420 256 0.0003551682
420 128 5.63875e-05
420 64 5.88226666667e-05
420 32 1.4145e-05
420 16 3.122e-06
420 4 5.9e-08

416 3200 0.00329802684558
416 3072 0.00323372171969
416 2944 0.00316515236594
416 2816 0.00309752484721
416 2688 0.00302414514493
416 2560 0.00296222969891
416 2432 0.00287908004825
416 2304 0.0027919547401
416 2176 0.00270512943687
416 2048 0.00261382596287
416 1920 0.00253127485557
416 1792 0.00242941638063
416 1664 0.00231934497114
416 1536 0.00219268889758
416 1408 0.00206894039015
416 1280 0.00193358850877
416 1152 0.00177561603132
416 1024 0.00163950616471
416 896 0.00146074412719
416 768 0.00125037962687
416 640 0.0009646415
416 512 0.000842321909091
416 384 0.0005371625625
416 256 0.0003551682
416 128 3.75916666667e-05
416 64 5.88226666667e-05
416 32 1.4145e-05
416 16 3.122e-06
416 4 5.9e-08

412 3200 0.00327831210492
412 3072 0.00321606218299
412 2944 0.0031488179445
412 2816 0.0030810993257
412 2688 0.00301289331697
412 2560 0.00294126929064
412 2432 0.00286716661356
412 2304 0.00277791305658
412 2176 0.00269834966385
412 2048 0.00260907700581
412 1920 0.00252596819969
412 1792 0.00242280572381
412 1664 0.00231327656463
412 1536 0.00218264221306
412 1408 0.00206070853183
412 1280 0.00192346500873
412 1152 0.00177561603132
412 1024 0.00162801429907
412 896 0.00146074412719
412 768 0.00124111755556
412 640 0.0009646415
412 512 0.000842321909091
412 384 0.0005371625625
412 256 0.0003551682
412 128 5.63875e-05
412 64 4.4117e-05
412 32 1.4145e-05
412 16 3.122e-06
412 4 5.9e-08

408 3200 0.0032588316628
408 3072 0.00320030419457
408 2944 0.00313462768788
408 2816 0.00307002911783
408 2688 0.00299659813535
408 2560 0.00292419896236
408 2432 0.00285469781849
408 2304 0.00276631909558
408 2176 0.00268405488532
408 2048 0.0025921227148
408 1920 0.0025193660873
408 1792 0.00240481054288
408 1664 0.00230363288953
408 1536 0.00218264221306
408 1408 0.00206070853183
408 1280 0.00192682770979
408 1152 0.00176456447925
408 1024 0.00162801429907
408 896 0.00144804200435
408 768 0.00123199169118
408 640 0.0009646415
408 512 0.000842321909091
408 384 0.0005371625625
408 256 0.0003551682
408 128 3.75916666667e-05
408 64 5.88226666667e-05
408 32 1.4145e-05
408 16 3.122e-06
408 4 5.9e-08

404 3200 0.00324553121386
404 3072 0.00318328884218
404 2944 0.00311776729691
404 2816 0.00305614196739
404 2688 0.0029821669262
404 2560 0.00291292839874
404 2432 0.00283716441515
404 2304 0.002754249139
404 2176 0.0026732253653
404 2048 0.00258558873605
404 1920 0.00250756884755
404 1792 0.00239994906604
404 1664 0.00230483394943
404 1536 0.00218264221306
404 1408 0.00205254191942
404 1280 0.00276226929825
404 1152 0.00176823301247
404 1024 0.00162801429907
404 896 0.00144804200435
404 768 0.00123199169118
404 640 0.000984328061224
404 512 0.000842321909091
404 384 0.0005371625625
404 256 0.0003551682
404 128 5.63875e-05
404 64 5.88226666667e-05
404 32 1.4145e-05
404 16 3.122e-06
404 4 5.9e-08

400 3200 0.00322491073843
400 3072 0.00316533743801
400 2944 0.00309804865464
400 2816 0.00303856139964
400 2688 0.00297080548878
400 2560 0.00381703289715
400 2432 0.00282303638954
400 2304 0.00273945052821
400 2176 0.00265755388059
400 2048 0.00257169767908
400 1920 0.00249717477979
400 1792 0.00239028484161
400 1664 0.00228576603671
400 1536 0.0021677436314
400 1408 0.00289883252425
400 1280 0.00276226929825
400 1152 0.0017572728905
400 1024 0.00161668241299
400 896 0.00145436533188
400 768 0.00124111755556
400 640 0.000984328061224
400 512 0.000842321909091
400 384 0.0005371625625
400 256 0.0003551682
400 128 5.63875e-05
400 64 5.88226666667e-05
400 32 2.829e-05
400 16 3.122e-06
400 4 5.9e-08

396 3200 0.00321556506099
396 3072 0.00315200619321
396 2944 0.00311274449092
396 2816 0.00392113450425
396 2688 0.00298301197209
396 2560 0.00288763377909
396 2432 0.00281031427873
396 2304 0.00272817474913
396 2176 0.00267156703691
396 2048 0.00256526613791
396 1920 0.0024791910108
396 1792 0.002391890137
396 1664 0.00227987184889
396 1536 0.0021579237282
396 1408 0.00290968957491
396 1280 0.00190682603806
396 1152 0.00175364964742
396 1024 0.00161668241299
396 896 0.00144177342424
396 768 0.00124111755556
396 640 0.000984328061224
396 512 0.000823603644444
396 384 0.0005371625625
396 256 0.0003551682
396 128 5.63875e-05
396 64 5.88226666667e-05
396 32 1.4145e-05
396 16 3.122e-06
396 4 5.9e-08

392 3200 0.0031863599823
392 3072 0.00312921729826
392 2944 0.00306393218192
392 2816 0.00300182739636
392 2688 0.00294051655014
392 2560 0.00286870174258
392 2432 0.00279206956996
392 2304 0.0027147657395
392 2176 0.00263801902818
392 2048 0.00255159201137
392 1920 0.00247664302415
392 1792 0.00327045400735
392 1664 0.00227050411659
392 1536 0.00215061698871
392 1408 0.00204175326281
392 1280 0.00189698012048
392 1152 0.00174644780082
392 1024 0.00237003442177
392 896 0.00144177342424
392 768 0.00122299905109
392 640 0.0009646415
392 512 0.000842321909091
392 384 0.0005729734
392 256 0.0003551682
392 128 5.63875e-05
392 64 5.88226666667e-05
392 32 1.4145e-05
392 16 3.122e-06
392 4 5.9e-08

388 3200 0.00317914141624
388 3072 0.00311348713677
388 2944 0.0030510302831
388 2816 0.00301522423892
388 2688 0.00292702606687
388 2560 0.00285785412513
388 2432 0.00278334629971
388 2304 0.00270369184295
388 2176 0.00263479110645
388 2048 0.00254887466099
388 1920 0.00246020792496
388 1792 0.00236175359019
388 1664 0.00227167087102
388 1536 0.00214095129438
388 1408 0.00203373590707
388 1280 0.00190025077586
388 1152 0.00174644780082
388 1024 0.00237812327645
388 896 0.00143555888362
388 768 0.00123199169118
388 640 0.0009646415
388 512 0.000823603644444
388 384 0.0005729734
388 256 0.0003551682
388 128 3.75916666667e-05
388 64 5.88226666667e-05
388 32 1.4145e-05
388 16 3.122e-06
388 4 5.9e-08

384 3200 0.00314809675211
384 3072 0.00394719421866
384 2944 0.00303267302032
384 2816 0.00297264765599
384 2688 0.00291043661861
384 2560 0.00284270735168
384 2432 0.00276974789451
384 2304 0.00269106802801
384 2176 0.00261241496118
384 2048 0.00342076222963
384 1920 0.00245269583969
384 1792 0.00235239393263
384 1664 0.00225429450025
384 1536 0.00213375884882
384 1408 0.00201527137873
384 1280 0.00189047246998
384 1152 0.00252379845401
384 1024 0.00237812327645
384 896 0.00143555888362
384 768 0.00123199169118
384 640 0.0009646415
384 512 0.000842321909091
384 384 0.0005371625625
384 256 0.0003551682
384 128 3.75916666667e-05
384 64 5.88226666667e-05
384 32 1.4145e-05
384 16 3.122e-06
384 4 5.9e-08

380 3200 0.00313465306977
380 3072 0.00308646916264
380 2944 0.00301898387127
380 2816 0.00295811888219
380 2688 0.00289164929254
380 2560 0.00282627831039
380 2432 0.00275323946336
380 2304 0.00267910289127
380 2176 0.00259979840839
380 2048 0.00252113058989
380 1920 0.00243780845979
380 1792 0.00235394872042
380 1664 0.00223944858916
380 1536 0.00213615095516
380 1408 0.00200746024935
380 1280 0.00188079428328
380 1152 0.00253130975893
380 1024 0.00159448540046
380 896 0.0014293976867
380 768 0.00125037962687
380 640 0.0009646415
380 512 0.000842321909091
380 384 0.000661123153846
380 256 0.0003551682
380 128 5.63875e-05
380 64 5.88226666667e-05
380 32 1.4145e-05
380 16 3.122e-06
380 4 5.9e-08

376 3200 0.00311398997357
376 3072 0.00305471212449
376 2944 0.00299919749888
376 2816 0.0029383721596
376 2688 0.00287545732027
376 2560 0.00280861407095
376 2432 0.00274173989206
376 2304 0.00265815141488
376 2176 0.00258652616426
376 2048 0.00250617100175
376 1920 0.00243411481061
376 1792 0.00233236700327
376 1664 0.00223153534326
376 1536 0.00211951796663
376 1408 0.00199970943758
376 1280 0.00186804313559
376 1152 0.00173930486503
376 1024 0.00159448540046
376 896 0.0014293976867
376 768 0.00125978097744
376 640 0.0009646415
376 512 0.000823603644444
376 384 0.00071621675
376 256 0.0003551682
376 128 3.75916666667e-05
376 64 4.4117e-05
376 32 1.4145e-05
376 16 3.122e-06
376 4 5.9e-08

372 3200 0.00309580550058
372 3072 0.00306644597388
372 2944 0.00298171246545
372 2816 0.00292447005657
372 2688 0.00286294513177
372 2560 0.00280010025261
372 2432 0.00272854403172
372 2304 0.00264965043094
372 2176 0.00257646788124
372 2048 0.00251055241958
372 1920 0.00241945146837
372 1792 0.00233236700327
372 1664 0.00222367782445
372 1536 0.00211246857206
372 1408 0.00199970943758
372 1280 0.00186804313559
372 1152 0.00173930486503
372 1024 0.00158722123007
372 896 0.0014172326
372 768 0.00125037962687
372 640 0.0009646415
372 512 0.000823603644444
372 384 0.00071621675
372 256 0.0003551682
372 128 3.75916666667e-05
372 64 4.4117e-05
372 32 1.4145e-05
372 16 3.122e-06
372 4 5.9e-08

368 3200 0.00307545148737
368 3072 0.00301953556224
368 2944 0.00296241006789
368 2816 0.00290429726502
368 2688 0.00284514844581
368 2560 0.00278276071967
368 2432 0.00270898670048
368 2304 0.00263542765527
368 2176 0.00256419533403
368 2048 0.00248020031779
368 1920 0.00240616441588
368 1792 0.00231117742635
368 1664 0.00221587544612
368 1536 0.00210546591381
368 1408 0.00199201824744
368 1280 0.00186173217905
368 1152 0.00173222012016
368 1024 0.00158361390909
368 896 0.00142328914957
368 768 0.00125978097744
368 640 0.00130356959459
368 512 0.000823603644444
368 384 0.00071621675
368 256 0.0003551682
368 128 5.63875e-05
368 64 4.4117e-05
368 32 1.4145e-05
368 16 3.122e-06
368 4 5.9e-08

364 3200 0.00305849707532
364 3072 0.00300413234521
364 2944 0.00294410346203
364 2816 0.00288726749573
364 2688 0.00282795144379
364 2560 0.00276747591545
364 2432 0.00270077409463
364 2304 0.00261980259012
364 2176 0.0025467569861
364 2048 0.00246826398075
364 1920 0.00239897826033
364 1792 0.00230221358371
364 1664 0.00306352842342
364 1536 0.00209620093729
364 1408 0.00198438599361
364 1280 0.00263671160287
364 1152 0.00172170056478
364 1024 0.00157644823529
364 896 0.00142328914957
364 768 0.00125978097744
364 640 0.00126926513158
364 512 0.001158192625
364 384 0.000661123153846
364 256 0.0003551682
364 128 3.75916666667e-05
364 64 4.4117e-05
364 32 1.4145e-05
364 16 3.122e-06
364 4 5.9e-08

360 3200 0.00303592226871
360 3072 0.00298243375542
360 2944 0.00292454542524
360 2816 0.00287157117149
360 2688 0.00280983564647
360 2560 0.00355657653476
360 2432 0.00268161143174
360 2304 0.00260692253805
360 2176 0.00253252929344
360 2048 0.00245476236581
360 1920 0.00238591451733
360 1792 0.00229036939807
360 1664 0.00219388164516
360 1536 0.00208930553947
360 1408 0.00198185488903
360 1280 0.00263671160287
360 1152 0.00171822238182
360 1024 0.00157644823529
360 896 0.00141122737712
360 768 0.00124111755556
360 640 0.00130356959459
360 512 0.001158192625
360 384 0.00071621675
360 256 0.0003551682
360 128 3.75916666667e-05
360 64 5.88226666667e-05
360 32 1.4145e-05
360 16 1.561e-06
360 4 5.9e-08

356 3200 0.00301844463687
356 3072 0.00296814133554
356 2944 0.00290864716877
356 2816 0.00285408051302
356 2688 0.00279454453132
356 2560 0.00273066107735
356 2432 0.00267070123533
356 2304 0.00259163266979
356 2176 0.002520670801
356 2048 0.00244306904389
356 1920 0.00238237633465
356 1792 0.00228156592825
356 1664 0.00218628660485
356 1536 0.00208930553947
356 1408 0.00196431635019
356 1280 0.00185234529412
356 1152 0.00171130800604
356 1024 0.00156582049438
356 896 0.00140527283122
356 768 0.00125037962687
356 640 0.00126926513158
356 512 0.001158192625
356 384 0.00071621675
356 256 0.0003551682
356 128 3.75916666667e-05
356 64 4.4117e-05
356 32 1.4145e-05
356 16 3.122e-06
356 4 5.9e-08

352 3200 0.00299777295646
352 3072 0.00294599102706
352 2944 0.0028907567282
352 2816 0.00283818733314
352 2688 0.00277831861956
352 2560 0.0027150547518
352 2432 0.00265196146481
352 2304 0.00258053360055
352 2176 0.00250892284503
352 2048 0.00243148659668
352 1920 0.00236252319853
352 1792 0.00226704291152
352 1664 0.00217874396994
352 1536 0.00206664495879
352 1408 0.0019568945
352 1280 0.00183690908333
352 1152 0.00171130800604
352 1024 0.00156582049438
352 896 0.00139936832353
352 768 0.00124111755556
352 640 0.00130356959459
352 512 0.001158192625
352 384 0.00071621675
352 256 0.0003551682
352 128 3.75916666667e-05
352 64 4.4117e-05
352 32 2.829e-05
352 16 3.122e-06
352 4 5.9e-08

348 3200 0.00297701094247
348 3072 0.00292607433282
348 2944 0.00286952922417
348 2816 0.0028175429679
348 2688 0.00276155541697
348 2560 0.00270138022746
348 2432 0.00263738100423
348 2304 0.0025665442606
348 2176 0.00249078430509
348 2048 0.00242001345467
348 1920 0.00236484167076
348 1792 0.00226272199111
348 1664 0.00216381376163
348 1536 0.00205994232649
348 1408 0.00195197767965
348 1280 0.00182777023217
348 1152 0.001701040158
348 1024 0.00155533508929
348 896 0.00139936832353
348 768 0.00180162225806
348 640 0.000945726960784
348 512 0.001158192625
348 384 0.00071621675
348 256 0.0003551682
348 128 3.75916666667e-05
348 64 5.88226666667e-05
348 32 1.4145e-05
348 16 3.122e-06
348 4 5.9e-08

344 3200 0.00296517024268
344 3072 0.00291137163336
344 2944 0.002853753524
344 2816 0.00279827446947
344 2688 0.00276845476647
344 2560 0.00270577628967
344 2432 0.00261965443583
344 2304 0.00254926944346
344 2176 0.0024793126445
344 2048 0.00240703316125
344 1920 0.0023395860801
344 1792 0.00225555694364
344 1664 0.00215642512927
344 1536 0.00205107282239
344 1408 0.001944648602
344 1280 0.00181872186469
344 1152 0.00169426310558
344 1024 0.00155533508929
344 896 0.00139936832353
344 768 0.00180162225806
344 640 0.000945726960784
344 512 0.001158192625
344 384 0.00071621675
344 256 0.0003551682
344 128 3.75916666667e-05
344 64 4.4117e-05
344 32 1.4145e-05
344 16 3.122e-06
344 4 5.9e-08

340 3200 0.00294267635223
340 3072 0.00289191873966
340 2944 0.0028337565548
340 2816 0.00278219551255
340 2688 0.00272968993893
340 2560 0.00269175899304
340 2432 0.00260379431503
340 2304 0.00253174199885
340 2176 0.0024623019231
340 2048 0.00239419137046
340 1920 0.00233731684045
340 1792 0.00223573409542
340 1664 0.00293732326578
340 1536 0.00205107282239
340 1408 0.00193737435536
340 1280 0.00180976264368
340 1152 0.00168753983929
340 1024 0.00224771006452
340 896 0.00139351322594
340 768 0.00180162225806
340 640 0.000945726960784
340 512 0.001158192625
340 384 0.00071621675
340 256 0.0003551682
340 128 5.63875e-05
340 64 5.88226666667e-05
340 32 1.4145e-05
340 16 3.122e-06
340 4 5.9e-08

336 3200 0.00292392170456
336 3072 0.00358231098763
336 2944 0.00281677283526
336 2816 0.0027652470533
336 2688 0.0027121085275
336 2560 0.00265352622087
336 2432 0.00258812508176
336 2304 0.0025211489361
336 2176 0.00245039320825
336 2048 0.00238148587728
336 1920 0.0023159766098
336 1792 0.0030055058346
336 1664 0.00213352872346
336 1536 0.00279391004692
336 1408 0.00192775959429
336 1280 0.00180976264368
336 1152 0.00168753983929
336 1024 0.00226230558442
336 896 0.00138770692083
336 768 0.00180162225806
336 640 0.000945726960784
336 512 0.00119555367742
336 384 0.00071621675
336 256 0.0003551682
336 128 3.75916666667e-05
336 64 5.88226666667e-05
336 32 1.4145e-05
336 16 3.122e-06
336 4 5.9e-08

332 3200 0.00289570640135
332 3072 0.00284609527682
332 2944 0.00280337693028
332 2816 0.0027443496639
332 2688 0.00269061961649
332 2560 0.00263544068791
332 2432 0.00256840501833
332 2304 0.00250637192399
332 2176 0.00243377567872
332 2048 0.00236267848634
332 1920 0.00230600350478
332 1792 0.0022217869083
332 1664 0.00211819430522
332 1536 0.0020227671465
332 1408 0.00192061091842
332 1280 0.00180383870704
332 1152 0.00167425212402
332 1024 0.0015449891796
332 896 0.0013762382686
332 768 0.00178245606383
332 640 0.000945726960784
332 512 0.000823603644444
332 384 0.00071621675
332 256 0.000394631333333
332 128 5.63875e-05
332 64 4.4117e-05
332 32 1.4145e-05
332 16 3.122e-06
332 4 5.9e-08

328 3200 0.00287476980027
328 3072 0.00282883806473
328 2944 0.0027778509742
328 2816 0.00272708960312
328 2688 0.00267285749638
328 2560 0.00261595269037
328 2432 0.00255524990145
328 2304 0.00249083072266
328 2176 0.00241873971553
328 2048 0.00235184406158
328 1920 0.00229283887964
328 1792 0.00220255065801
328 1664 0.00211111342646
328 1536 0.00201634566349
328 1408 0.00192061091842
328 1280 0.00179210642276
328 1152 0.00237575441061
328 1024 0.00153478
328 896 0.00138194880083
328 768 0.00176369336842
328 640 0.000927539903846
328 512 0.000805699217391
328 384 0.00071621675
328 256 0.0003551682
328 128 5.63875e-05
328 64 4.4117e-05
328 32 1.4145e-05
328 16 1.561e-06
328 4 5.9e-08

324 3200 0.00285379235451
324 3072 0.00281553527581
324 2944 0.00275605786489
324 2816 0.00270651067095
324 2688 0.00265566328191
324 2560 0.00259837401156
324 2432 0.0025474213172
324 2304 0.00320352854181
324 2176 0.00240792063936
324 2048 0.00233425875163
324 1920 0.00228957117577
324 1792 0.00219711561629
324 1664 0.00209808804699
324 1536 0.00201634566349
324 1408 0.00189947950244
324 1280 0.00178629732577
324 1152 0.00237575441061
324 1024 0.00153816803532
324 896 0.00137057473663
324 768 0.00178245606383
324 640 0.000927539903846
324 512 0.000823603644444
324 384 0.00071621675
324 256 0.0003551682
324 128 3.75916666667e-05
324 64 5.88226666667e-05
324 32 1.4145e-05
324 16 3.122e-06
324 4 5.9e-08

320 3200 0.00283278242445
320 3072 0.0027871374493
320 2944 0.00273589476062
320 2816 0.00268574332458
320 2688 0.00263406712111
320 2560 0.00328596745059
320 2432 0.00252064971079
320 2304 0.0024543975386
320 2176 0.00239386662785
320 2048 0.00232443506636
320 1920 0.00226376107327
320 1792 0.00217830239388
320 1664 0.00208620647239
320 1536 0.00199523209634
320 1408 0.00189023629319
320 1280 0.00177765395161
320 1152 0.00165793387719
320 1024 0.00152804850877
320 896 0.00137057473663
320 768 0.00121413673913
320 640 0.000945726960784
320 512 0.000805699217391
320 384 0.0005729734
320 256 0.000394631333333
320 128 3.75916666667e-05
320 64 4.4117e-05
320 32 1.4145e-05
320 16 1.561e-06
320 4 5.9e-08

316 3200 0.00281473390213
316 3072 0.00276504114717
316 2944 0.00271581244706
316 2816 0.00267068262015
316 2688 0.00261769221671
316 2560 0.00256431142813
316 2432 0.00250848245555
316 2304 0.00243994130425
316 2176 0.00237734808915
316 2048 0.00230799740276
316 1920 0.00224897215352
316 1792 0.00216506043404
316 1664 0.00208817738073
316 1536 0.00198690996038
316 1408 0.00188336270667
316 1280 0.00177193802251
316 1152 0.00164829472674
316 1024 0.00151806126362
316 896 0.00135938637143
316 768 0.00121413673913
316 640 0.000984328061224
316 512 0.000805699217391
316 384 0.0005729734
316 256 0.0003551682
316 128 5.63875e-05
316 64 4.4117e-05
316 32 1.4145e-05
316 16 1.561e-06
316 4 5.9e-08

312 3200 0.00278694826957
312 3072 0.00274308297068
312 2944 0.00269372583045
312 2816 0.00264949252549
312 2688 0.00259606639938
312 2560 0.00254041181054
312 2432 0.00248796624157
312 2304 0.00242255137171
312 2176 0.00236170335262
312 2048 0.00229545393862
312 1920 0.00223644887471
312 1792 0.00215197849789
312 1664 0.0020657343528
312 1536 0.00197251206211
312 1408 0.00187427531122
312 1280 0.00176343272
312 1152 0.00163876701156
312 1024 0.00151806126362
312 896 0.00135938637143
312 768 0.00120540194245
312 640 0.00137805928571
312 512 0.000805699217391
312 384 0.0005371625625
312 256 0.000394631333333
312 128 3.75916666667e-05
312 64 4.4117e-05
312 32 1.4145e-05
312 16 3.122e-06
312 4 5.9e-08

308 3200 0.00276594518116
308 3072 0.00272808433961
308 2944 0.00267569581451
308 2816 0.00328230545046
308 2688 0.00258618087446
308 2560 0.00252959003499
308 2432 0.00247218528622
308 2304 0.00240584412087
308 2176 0.00234498560496
308 2048 0.00228014605272
308 1920 0.00221996652464
308 1792 0.00215067899396
308 1664 0.00206091912121
308 1536 0.00197251206211
308 1408 0.00256398388284
308 1280 0.00176343272
308 1152 0.00163247615931
308 1024 0.00150820372294
308 896 0.00134837919433
308 768 0.00120540194245
308 640 0.00137805928571
308 512 0.00112309587879
308 384 0.0005729734
308 256 0.0003551682
308 128 5.63875e-05
308 64 4.4117e-05
308 32 2.829e-05
308 16 3.122e-06
308 4 5.9e-08

304 3200 0.00274068323137
304 3072 0.00269979066466
304 2944 0.00265384923289
304 2816 0.00260459795069
304 2688 0.00256039140204
304 2560 0.00250633031354
304 2432 0.00245225614805
304 2304 0.00238936573648
304 2176 0.0023297625445
304 2048 0.00226289943902
304 1920 0.00220776331883
304 1792 0.00212882511297
304 1664 0.00203999608445
304 1536 0.00195030363562
304 1408 0.00185193591538
304 1280 0.00174666473851
304 1152 0.00162312992176
304 1024 0.00149847337634
304 896 0.00134837919433
304 768 0.00120540194245
304 640 0.00133977986111
304 512 0.00112309587879
304 384 0.0005371625625
304 256 0.0003551682
304 128 5.63875e-05
304 64 5.88226666667e-05
304 32 1.4145e-05
304 16 3.122e-06
304 4 5.9e-08

300 3200 0.0033283958406
300 3072 0.00267905247103
300 2944 0.00263295436422
300 2816 0.00258720149096
300 2688 0.002542458459
300 2560 0.00249542177698
300 2432 0.0024393066241
300 2304 0.0023731115478
300 2176 0.00231411395137
300 2048 0.00224731765884
300 1920 0.00287906052867
300 1792 0.0021161761224
300 1664 0.0020343633295
300 1536 0.00194433331837
300 1408 0.00184753178716
300 1280 0.00241698563596
300 1152 0.00162312992176
300 1024 0.00149847337634
300 896 0.00191407851149
300 768 0.00119679192857
300 640 0.00133977986111
300 512 0.00112309587879
300 384 0.0005371625625
300 256 0.0003551682
300 128 3.75916666667e-05
300 64 4.4117e-05
300 32 1.4145e-05
300 16 3.122e-06
300 4 5.9e-08

296 3200 0.00269669102894
296 3072 0.00265568230827
296 2944 0.00261199355591
296 2816 0.00256436451072
296 2688 0.00251963840342
296 2560 0.00246911127116
296 2432 0.00241428083024
296 2304 0.00235791552935
296 2176 0.00229377686471
296 2048 0.00223821069825
296 1920 0.00217980430801
296 1792 0.00210243471901
296 1664 0.00202134042753
296 1536 0.00193250167546
296 1408 0.00183228093514
296 1280 0.00172750070533
296 1152 0.0016169583251
296 1024 0.00148886777778
296 896 0.00193633523837
296 768 0.00118830404255
296 640 0.0009646415
296 512 0.00112309587879
296 384 0.0005729734
296 256 0.000394631333333
296 128 3.75916666667e-05
296 64 5.88226666667e-05
296 32 1.4145e-05
296 16 3.122e-06
296 4 5.9e-08

292 3200 0.00267642084338
292 3072 0.00263484044184
292 2944 0.00259020586855
292 2816 0.00254682962584
292 2688 0.00250584366806
292 2560 0.00245453134042
292 2432 0.00240404293928
292 2304 0.00234084427088
292 2176 0.00228041623696
292 2048 0.00223960696195
292 1920 0.00216414338797
292 1792 0.00208398151785
292 1664 0.00201672970575
292 1536 0.00191694834205
292 1408 0.00182154071864
292 1280 0.00171941567863
292 1152 0.00160778842911
292 1024 0.00211148521212
292 896 0.00134294218145
292 768 0.00118830404255
292 640 0.000984328061224
292 512 0.00112309587879
292 384 0.0005371625625
292 256 0.0003551682
292 128 5.63875e-05
292 64 4.4117e-05
292 32 2.829e-05
292 16 3.122e-06
292 4 5.9e-08

288 3200 0.00265202347702
288 3072 0.00319347627202
288 2944 0.00256820958477
288 2816 0.00252469675345
288 2688 0.002480746848
288 2560 0.0024340499634
288 2432 0.00237882410242
288 2304 0.00232116986622
288 2176 0.00226482569734
288 2048 0.00284701820777
288 1920 0.00215254458464
288 1792 0.00207306426892
288 1664 0.00199488786778
288 1536 0.00256108420968
288 1408 0.00181515681425
288 1280 0.00171406757387
288 1152 0.00160173272881
288 1024 0.00211148521212
288 896 0.00134294218145
288 768 0.00117993570423
288 640 0.000984328061224
288 512 0.00112309587879
288 384 0.0005729734
288 256 0.0003551682
288 128 3.75916666667e-05
288 64 5.88226666667e-05
288 32 1.4145e-05
288 16 3.122e-06
288 4 5.9e-08

284 3200 0.00262864604567
284 3072 0.00258888833843
284 2944 0.00254490664401
284 2816 0.00250423976743
284 2688 0.00245959094614
284 2560 0.00241531018303
284 2432 0.00236125989568
284 2304 0.00230823630611
284 2176 0.00224709943308
284 2048 0.00218441737755
284 1920 0.00213727154102
284 1792 0.00206226080718
284 1664 0.00198325325931
284 1536 0.00189974740977
284 1408 0.00180252231206
284 1280 0.00170610750774
284 1152 0.00159273423034
284 1024 0.00147312921776
284 896 0.00133754883936
284 768 0.00117993570423
284 640 0.0009646415
284 512 0.000788556680851
284 384 0.0005371625625
284 256 0.0003551682
284 128 3.75916666667e-05
284 64 5.88226666667e-05
284 32 1.4145e-05
284 16 3.122e-06
284 4 5.9e-08

280 3200 0.00260468142674
280 3072 0.00256834307457
280 2944 0.00252312058887
280 2816 0.00248262566587
280 2688 0.00244105489843
280 2560 0.00298028236243
280 2432 0.00234439375357
280 2304 0.00228279681522
280 2176 0.00222907146144
280 2048 0.00216792871981
280 1920 0.00212221370542
280 1792 0.00204685311149
280 1664 0.00196474289556
280 1536 0.00188658084356
280 1408 0.0017941965739
280 1280 0.00233011723044
280 1152 0.00158679119216
280 1024 0.00146384478992
280 896 0.00132689107968
280 768 0.00117168440559
280 640 0.000984328061224
280 512 0.000788556680851
280 384 0.00071621675
280 256 0.0003551682
280 128 5.63875e-05
280 64 4.4117e-05
280 32 1.4145e-05
280 16 1.561e-06
280 4 5.9e-08

276 3200 0.0025814291173
276 3072 0.00254379086418
276 2944 0.0030598886325
276 2816 0.00246033922273
276 2688 0.00241889918417
276 2560 0.00237054395495
276 2432 0.00232472968667
276 2304 0.00227301116358
276 2176 0.00221588168948
276 2048 0.00217252039939
276 1920 0.00210644550918
276 1792 0.00204333012851
276 1664 0.00195345625939
276 1536 0.00187359552802
276 1408 0.00177981011798
276 1280 0.00168266480916
276 1152 0.00157795933024
276 1024 0.00145467665971
276 896 0.00132689107968
276 768 0.00117993570423
276 640 0.000984328061224
276 512 0.000788556680851
276 384 0.00071621675
276 256 0.000394631333333
276 128 3.75916666667e-05
276 64 5.88226666667e-05
276 32 2.829e-05
276 16 1.561e-06
276 4 5.9e-08

272 3200 0.00258436541951
272 3072 0.00254649568186
272 2944 0.00250494772378
272 2816 0.00246388648478
272 2688 0.00239850746172
272 2560 0.00235076987134
272 2432 0.0023045407925
272 2304 0.00224453117271
272 2176 0.00219834919015
272 2048 0.00213568706722
272 1920 0.00208909723667
272 1792 0.00201900476984
272 1664 0.00193974177929
272 1536 0.00186808495294
272 1408 0.00176766124346
272 1280 0.00167245136571
272 1152 0.00156922523801
272 1024 0.0014456226556
272 896 0.00131640182213
272 768 0.00117168440559
272 640 0.0009646415
272 512 0.000805699217391
272 384 0.00071621675
272 256 0.0003551682
272 128 3.75916666667e-05
272 64 4.4117e-05
272 32 1.4145e-05
272 16 3.122e-06
272 4 5.9e-08

268 3200 0.00253412759587
268 3072 0.0024967622035
268 2944 0.00246081470296
268 2816 0.00241553883279
268 2688 0.00238330297702
268 2560 0.00233034271899
268 2432 0.00228428109322
268 2304 0.00223205945546
268 2176 0.00218385703017
268 2048 0.0021243135858
268 1920 0.00207470827594
268 1792 0.00201216068588
268 1664 0.00192789861099
268 1536 0.00185897234341
268 1408 0.00176967452506
268 1280 0.00166487228097
268 1152 0.00155772908242
268 1024 0.00143964900826
268 896 0.00130607710196
268 768 0.00116354770833
268 640 0.0009646415
268 512 0.000788556680851
268 384 0.00071621675
268 256 0.0003551682
268 128 3.75916666667e-05
268 64 5.88226666667e-05
268 32 1.4145e-05
268 16 3.122e-06
268 4 5.9e-08

264 3200 0.00250801904831
264 3072 0.00247372363201
264 2944 0.00243445990459
264 2816 0.00292741692281
264 2688 0.00235478117649
264 2560 0.00231251673157
264 2432 0.00226355258966
264 2304 0.00221084074483
264 2176 0.00215867973108
264 2048 0.00210624227633
264 1920 0.00205787673997
264 1792 0.00198745782031
264 1664 0.00191122849762
264 1536 0.00183923422008
264 1408 0.0017576631595
264 1280 0.00165487304805
264 1152 0.00155488131444
264 1024 0.00142784860656
264 896 0.00130607710196
264 768 0.00115552324138
264 640 0.0009646415
264 512 0.000772128416667
264 384 0.00071621675
264 256 0.000394631333333
264 128 5.63875e-05
264 64 5.88226666667e-05
264 32 1.4145e-05
264 16 1.561e-06
264 4 5.9e-08

260 3200 0.00248218470372
260 3072 0.00244826651564
260 2944 0.0024128412791
260 2816 0.0023762216213
260 2688 0.00233674789112
260 2560 0.0022968635585
260 2432 0.00224481187347
260 2304 0.00219074551413
260 2176 0.00213884582245
260 2048 0.00208847583479
260 1920 0.00203700225063
260 1792 0.00197752604886
260 1664 0.00190136409247
260 1536 0.00182514047126
260 1408 0.00173606059553
260 1280 0.00164991833832
260 1152 0.00154079724457
260 1024 0.00199082891429
260 896 0.00130097523828
260 768 0.00115552324138
260 640 0.0009646415
260 512 0.000788556680851
260 384 0.00071621675
260 256 0.0003551682
260 128 5.63875e-05
260 64 4.4117e-05
260 32 1.4145e-05
260 16 3.122e-06
260 4 5.9e-08

256 3200 0.00245586547123
256 3072 0.00242611025758
256 2944 0.00238635201022
256 2816 0.00234950954646
256 2688 0.002308057279
256 2560 0.00227082700082
256 2432 0.00222241175499
256 2304 0.00217457367224
256 2176 0.00212146111502
256 2048 0.00263203076246
256 1920 0.00202416939311
256 1792 0.00196227240441
256 1664 0.00188354133575
256 1536 0.00181644104099
256 1408 0.00172449970366
256 1280 0.00163523063798
256 1152 0.00153246861081
256 1024 0.00199653329513
256 896 0.00181994350273
256 768 0.00162670747573
256 640 0.000945726960784
256 512 0.000788556680851
256 384 0.00071621675
256 256 0.0003551682
256 128 5.63875e-05
256 64 4.4117e-05
256 32 1.4145e-05
256 16 3.122e-06
256 4 5.9e-08

252 3200 0.00243294856841
252 3072 0.00239793168574
252 2944 0.00236670256529
252 2816 0.0023306606933
252 2688 0.00279491550498
252 2560 0.00225175992687
252 2432 0.00220473303323
252 2304 0.00268724936266
252 2176 0.00211157933979
252 2048 0.00205971885255
252 1920 0.00201233708768
252 1792 0.00250811578451
252 1664 0.00187316589619
252 1536 0.00180782414801
252 1408 0.00171877680642
252 1280 0.00163039267751
252 1152 0.00210004957778
252 1024 0.00141912448065
252 896 0.00181994350273
252 768 0.00164265558824
252 640 0.0009646415
252 512 0.000805699217391
252 384 0.00071621675
252 256 0.00044396025
252 128 5.63875e-05
252 64 5.88226666667e-05
252 32 1.4145e-05
252 16 3.122e-06
252 4 5.9e-08

248 3200 0.00243369315863
248 3072 0.00239873227724
248 2944 0.00236380712275
248 2816 0.00232636815679
248 2688 0.00228799157781
248 2560 0.00224628415293
248 2432 0.00218350398617
248 2304 0.00213053698264
248 2176 0.00208499930453
248 2048 0.00203174304471
248 1920 0.0019915484814
248 1792 0.00192514833189
248 1664 0.0018574250063
248 1536 0.00178245711132
248 1408 0.00170556995939
248 1280 0.00161604904692
248 1152 0.0015106928579
248 1024 0.00140199219316
248 896 0.00128590602703
248 768 0.00115552324138
248 640 0.000945726960784
248 512 0.000805699217391
248 384 0.0005729734
248 256 0.0003551682
248 128 5.63875e-05
248 64 4.4117e-05
248 32 1.4145e-05
248 16 3.122e-06
248 4 5.9e-08

244 3200 0.00237932251409
244 3072 0.00234885671401
244 2944 0.00231241317799
244 2816 0.00227802756544
244 2688 0.00224194425503
244 2560 0.00220050228957
244 2432 0.00218426878616
244 2304 0.00213122204277
244 2176 0.00206649043354
244 2048 0.00203001976817
244 1920 0.00198335280864
244 1792 0.00191789144534
244 1664 0.0018488797637
244 1536 0.00177086120074
244 1408 0.00169997180853
244 1280 0.00159731224638
244 1152 0.00150801432447
244 1024 0.00139079864271
244 896 0.00127118191221
244 768 0.00114760869863
244 640 0.0009646415
244 512 0.000805699217391
244 384 0.0005371625625
244 256 0.000394631333333
244 128 5.63875e-05
244 64 5.88226666667e-05
244 32 1.4145e-05
244 16 1.561e-06
244 4 5.9e-08

240 3200 0.00235176234104
240 3072 0.00232363613092
240 2944 0.00228656766581
240 2816 0.00225224323917
240 2688 0.00221482205965
240 2560 0.00266074496719
240 2432 0.00215744244404
240 2304 0.00208890657201
240 2176 0.00206401440858
240 2048 0.00199726840612
240 1920 0.00195757405565
240 1792 0.00189543609047
240 1664 0.00182521532411
240 1536 0.00175455492818
240 1408 0.00167432568211
240 1280 0.00214008825243
240 1152 0.00149214048947
240 1024 0.00138526862823
240 896 0.00126634852091
240 768 0.00114760869863
240 640 0.000945726960784
240 512 0.000805699217391
240 384 0.0005371625625
240 256 0.0003551682
240 128 5.63875e-05
240 64 4.4117e-05
240 32 1.4145e-05
240 16 3.122e-06
240 4 5.9e-08

236 3200 0.00232596667357
236 3072 0.00229601269232
236 2944 0.00226276474932
236 2816 0.00223011326798
236 2688 0.0021942781135
236 2560 0.00215626965374
236 2432 0.00213674400702
236 2304 0.00209154324803
236 2176 0.00204247856936
236 2048 0.00199338698501
236 1920 0.0019355611747
236 1792 0.00188440445185
236 1664 0.00180878539894
236 1536 0.00174972144353
236 1408 0.00166356984261
236 1280 0.00158582079137
236 1152 0.0014843282356
236 1024 0.00137705557312
236 896 0.00126155174621
236 768 0.00113980183673
236 640 0.000945726960784
236 512 0.00112309587879
236 384 0.0005371625625
236 256 0.0003551682
236 128 5.63875e-05
236 64 5.88226666667e-05
236 32 1.4145e-05
236 16 3.122e-06
236 4 5.9e-08

232 3200 0.00230084170203
232 3072 0.00226932498951
232 2944 0.00223700355033
232 2816 0.00220439225601
232 2688 0.00216806698579
232 2560 0.00213412852009
232 2432 0.0021135696948
232 2304 0.00204950542764
232 2176 0.00200445243821
232 2048 0.00195645229428
232 1920 0.00192781893
232 1792 0.00186272197385
232 1664 0.00180068086151
232 1536 0.00172594805435
232 1408 0.00165647572814
232 1280 0.00156777446657
232 1152 0.00147659735938
232 1024 0.00136893933202
232 896 0.00124737700749
232 768 0.00112450248322
232 640 0.000927539903846
232 512 0.00112309587879
232 384 0.0005371625625
232 256 0.0003551682
232 128 5.63875e-05
232 64 5.88226666667e-05
232 32 1.4145e-05
232 16 3.122e-06
232 4 5.9e-08

228 3200 0.00227343376257
228 3072 0.00224325056725
228 2944 0.00221168166595
228 2816 0.00217942127097
228 2688 0.00214553128493
228 2560 0.00210761760679
228 2432 0.0025278019394
228 2304 0.0020447633975
228 2176 0.00200212276313
228 2048 0.00195751906216
228 1920 0.00190195237766
228 1792 0.0018530303923
228 1664 0.00178540852787
228 1536 0.00171045480431
228 1408 0.00163727527187
228 1280 0.00156111253541
228 1152 0.00146388998107
228 1024 0.00136091820312
228 896 0.00124272261567
228 768 0.00112450248322
228 640 0.000927539903846
228 512 0.00112309587879
228 384 0.0005371625625
228 256 0.0003551682
228 128 5.63875e-05
228 64 5.88226666667e-05
228 32 1.4145e-05
228 16 3.122e-06
228 4 5.9e-08

224 3200 0.00224329091048
224 3072 0.00221817935066
224 2944 0.00218280889958
224 2816 0.00215325270842
224 2688 0.00212153350453
224 2560 0.00208724520462
224 2432 0.00204763992267
224 2304 0.00200244729698
224 2176 0.00196154227442
224 2048 0.00238782172265
224 1920 0.00188263567383
224 1792 0.00182642277641
224 1664 0.00176544389577
224 1536 0.00170129165357
224 1408 0.00162020253702
224 1280 0.00154146216783
224 1152 0.00144646271939
224 1024 0.00186307518717
224 896 0.001238102829
224 768 0.0011170058
224 640 0.000927539903846
224 512 0.001158192625
224 384 0.0005729734
224 256 0.000394631333333
224 128 5.63875e-05
224 64 5.88226666667e-05
224 32 1.4145e-05
224 16 3.122e-06
224 4 5.9e-08

220 3200 0.00221733220443
220 3072 0.00219085287455
220 2944 0.00215815663649
220 2816 0.00212832861114
220 2688 0.00209431000686
220 2560 0.00206085712692
220 2432 0.0020250324353
220 2304 0.0020006340335
220 2176 0.00195975702548
220 2048 0.00191216509188
220 1920 0.00186514989358
220 1792 0.00181432726133
220 1664 0.00175145464144
220 1536 0.00168623597522
220 1408 0.00161012873886
220 1280 0.00153288657858
220 1152 0.00144155945593
220 1024 0.001339981
220 896 0.00122896553875
220 768 0.00155139694444
220 640 0.000927539903846
220 512 0.000788556680851
220 384 0.0005371625625
220 256 0.0003551682
220 128 5.63875e-05
220 64 4.4117e-05
220 32 1.4145e-05
220 16 1.561e-06
220 4 5.9e-08

216 3200 0.00218794673155
216 3072 0.00216262805274
216 2944 0.00213000331927
216 2816 0.0021027566258
216 2688 0.00207041975602
216 2560 0.00203837137428
216 2432 0.00199938678567
216 2304 0.00239281608412
216 2176 0.00191743814047
216 2048 0.00187668058547
216 1920 0.00184515594372
216 1792 0.00178701676568
216 1664 0.00172547678181
216 1536 0.00214335956355
216 1408 0.00160017943666
216 1280 0.00151810668044
216 1152 0.00142944551092
216 1024 0.00133229468451
216 896 0.00121996212821
216 768 0.00155139694444
216 640 0.00123671987179
216 512 0.000788556680851
216 384 0.0005371625625
216 256 0.0003551682
216 128 5.63875e-05
216 64 4.4117e-05
216 32 1.4145e-05
216 16 3.122e-06
216 4 5.9e-08

212 3200 0.00216128621014
212 3072 0.00213423328089
212 2944 0.00210537527677
212 2816 0.00207437954602
212 2688 0.0020448813616
212 2560 0.00201368478866
212 2432 0.00197625966867
212 2304 0.0019366254355
212 2176 0.00191530623238
212 2048 0.0018722763807
212 1920 0.0018248948599
212 1792 0.00177014135885
212 1664 0.00171876808515
212 1536 0.00165403355208
212 1408 0.00158225481976
212 1280 0.00150772291382
212 1152 0.001417533465
212 1024 0.00132218239089
212 896 0.00121108967636
212 768 0.00109510372549
212 640 0.00126926513158
212 512 0.000772128416667
212 384 0.0005371625625
212 256 0.000394631333333
212 128 5.63875e-05
212 64 5.88226666667e-05
212 32 1.4145e-05
212 16 3.122e-06
212 4 5.9e-08

208 3200 0.00213021494665
208 3072 0.00210682156964
208 2944 0.002077208039
208 2816 0.00204820118034
208 2688 0.00201977153674
208 2560 0.00198744863734
208 2432 0.00195304960366
208 2304 0.0019137001741
208 2176 0.00187282716395
208 2048 0.00183542431493
208 1920 0.00180372280127
208 1792 0.00175185657354
208 1664 0.00169374387548
208 1536 0.00163417380103
208 1408 0.0015678851998
208 1280 0.00148938574324
208 1152 0.0014034984802
208 1024 0.00131222244821
208 896 0.00120670167029
208 768 0.00109510372549
208 640 0.000927539903846
208 512 0.000788556680851
208 384 0.0005371625625
208 256 0.000394631333333
208 128 5.63875e-05
208 64 5.88226666667e-05
208 32 1.4145e-05
208 16 3.122e-06
208 4 5.9e-08

204 3200 0.0021012266867
204 3072 0.00207805950043
204 2944 0.00204845648469
204 2816 0.00202352062005
204 2688 0.00199300440165
204 2560 0.00196165588721
204 2432 0.00195213253545
204 2304 0.00188888588002
204 2176 0.00226007140567
204 2048 0.00182934520255
204 1920 0.00178567889033
204 1792 0.00173225895623
204 1664 0.00168086369392
204 1536 0.00162580772355
204 1408 0.00155067288723
204 1280 0.00147740676944
204 1152 0.00139201322259
204 1024 0.00129756074488
204 896 0.00119802036331
204 768 0.00108799266234
204 640 0.000927539903846
204 512 0.000772128416667
204 384 0.0005371625625
204 256 0.0003551682
204 128 5.63875e-05
204 64 5.88226666667e-05
204 32 1.4145e-05
204 16 3.122e-06
204 4 5.9e-08

200 3200 0.00207346722763
200 3072 0.0020484355696
200 2944 0.00202107706863
200 2816 0.00199585638513
200 2688 0.00196638633595
200 2560 0.00230770233171
200 2432 0.00190443957383
200 2304 0.00188458929571
200 2176 0.00184870833376
200 2048 0.00179101519581
200 1920 0.00176410956259
200 1792 0.00171557052697
200 1664 0.00165506234182
200 1536 0.00160121567395
200 1408 0.00153535003261
200 1280 0.00191344696181
200 1152 0.00137847662723
200 1024 0.00129035207407
200 896 0.00119372638351
200 768 0.00107404403846
200 640 0.000927539903846
200 512 0.00105891897143
200 384 0.0005371625625
200 256 0.00044396025
200 128 5.63875e-05
200 64 4.4117e-05
200 32 1.4145e-05
200 16 3.122e-06
200 4 5.9e-08

196 3200 0.00204231462953
196 3072 0.00201941731317
196 2944 0.0019921350783
196 2816 0.0019658739709
196 2688 0.00196400172565
196 2560 0.00191049009537
196 2432 0.0018774913095
196 2304 0.00184267460467
196 2176 0.00182520282412
196 2048 0.00177771228522
196 1920 0.00174179520239
196 1792 0.00210367655877
196 1664 0.00164154159488
196 1536 0.0015905230818
196 1408 0.00152480297645
196 1280 0.00145401774406
196 1152 0.0013673956254
196 1024 0.00127617238095
196 896 0.00161674592718
196 768 0.00106720299363
196 640 0.000910039150943
196 512 0.00109006364706
196 384 0.0005371625625
196 256 0.00044396025
196 128 5.63875e-05
196 64 4.4117e-05
196 32 1.4145e-05
196 16 3.122e-06
196 4 5.9e-08

192 3200 0.0020121691285
192 3072 0.00231093049752
192 2944 0.0019629018059
192 2816 0.00193845903396
192 2688 0.0019145310993
192 2560 0.00188450587102
192 2432 0.00185459847866
192 2304 0.00181741172279
192 2176 0.00178141305626
192 2048 0.00213124960522
192 1920 0.00172126690179
192 1792 0.00167050863696
192 1664 0.00161870066459
192 1536 0.0019848402625
192 1408 0.00150413768925
192 1280 0.00143321905072
192 1152 0.00135649135407
192 1024 0.00170781892157
192 896 0.00116859530175
192 768 0.0010604485443
192 640 0.000910039150943
192 512 0.00105891897143
192 384 0.0005371625625
192 256 0.00044396025
192 128 5.63875e-05
192 64 4.4117e-05
192 32 1.4145e-05
192 16 3.122e-06
192 4 5.9e-08

188 3200 0.00198281820118
188 3072 0.00195853312529
188 2944 0.0019339762107
188 2816 0.00191116936662
188 2688 0.00188302463992
188 2560 0.00185652024341
188 2432 0.00183064358858
188 2304 0.00179137852784
188 2176 0.00177736940301
188 2048 0.00173980613521
188 1920 0.00170603445133
188 1792 0.00165191299351
188 1664 0.00159879620796
188 1536 0.00155040411066
188 1408 0.00149114609693
188 1280 0.00141846261261
188 1152 0.00134363361611
188 1024 0.00126001830018
188 896 0.00116045178049
188 768 0.0010537790566
188 640 0.000910039150943
188 512 0.000756370693878
188 384 0.0005729734
188 256 0.00044396025
188 128 3.75916666667e-05
188 64 5.88226666667e-05
188 32 1.4145e-05
188 16 3.122e-06
188 4 5.9e-08

184 3200 0.00195111451603
184 3072 0.00193022484466
184 2944 0.00190620412151
184 2816 0.00188195151532
184 2688 0.00185744142029
184 2560 0.00183237770553
184 2432 0.00180025617335
184 2304 0.0017674934808
184 2176 0.00173616854001
184 2048 0.00170065843676
184 1920 0.00167403519451
184 1792 0.0016314816372
184 1664 0.0015782475955
184 1536 0.00152680020192
184 1408 0.00147137711458
184 1280 0.00140579776786
184 1152 0.00133101733803
184 1024 0.00124649395349
184 896 0.0011484471069
184 768 0.0010537790566
184 640 0.00117639207317
184 512 0.000772128416667
184 384 0.0005371625625
184 256 0.00044396025
184 128 5.63875e-05
184 64 5.88226666667e-05
184 32 1.4145e-05
184 16 3.122e-06
184 4 5.9e-08

180 3200 0.00192064062374
180 3072 0.00189890128893
180 2944 0.00187516548213
180 2816 0.00185290423764
180 2688 0.00182840629605
180 2560 0.00182393542124
180 2432 0.00177489323595
180 2304 0.0017426319319
180 2176 0.00171099168196
180 2048 0.00169184258247
180 1920 0.00201486092182
180 1792 0.00161887473364
180 1664 0.00155767142882
180 1536 0.00151828418486
180 1408 0.0014521254514
180 1280 0.00178629732577
180 1152 0.00131659454954
180 1024 0.00123325684956
180 896 0.00114058103082
180 768 0.00104068863354
180 640 0.001205801875
180 512 0.000756370693878
180 384 0.0005729734
180 256 0.000507383142857
180 128 5.63875e-05
180 64 4.4117e-05
180 32 1.4145e-05
180 16 3.122e-06
180 4 5.9e-08

176 3200 0.00188796115761
176 3072 0.00186828659164
176 2944 0.00184512144925
176 2816 0.00211762413747
176 2688 0.00179888059629
176 2560 0.00177468196179
176 2432 0.00174900782064
176 2304 0.00171645747844
176 2176 0.0017032098333
176 2048 0.00165289593002
176 1920 0.00163098048223
176 1792 0.0015871320918
176 1664 0.0015392310289
176 1536 0.0014909598216
176 1408 0.00143469458264
176 1280 0.00137424619701
176 1152 0.00130248097856
176 1024 0.00122029793345
176 896 0.00112516777365
176 768 0.00103426462963
176 640 0.000893186574074
176 512 0.000756370693878
176 384 0.0005729734
176 256 0.00044396025
176 128 5.63875e-05
176 64 5.88226666667e-05
176 32 1.4145e-05
176 16 3.122e-06
176 4 5.9e-08

172 3200 0.00185579752528
172 3072 0.00183760880782
172 2944 0.00181394117754
172 2816 0.00179242877233
172 2688 0.00176984688122
172 2560 0.0017454330569
172 2432 0.0017207746646
172 2304 0.00168890318588
172 2176 0.00167701170697
172 2048 0.00162926705695
172 1920 0.00161458871859
172 1792 0.00157172304237
172 1664 0.00151704581846
172 1536 0.00147480391022
172 1408 0.00141897190228
172 1280 0.00135565246002
172 1152 0.00128866678636
172 1024 0.00120760852686
172 896 0.00112137932997
172 768 0.00102791944785
172 640 0.000893186574074
172 512 0.00102950455556
172 384 0.000781327363636
172 256 0.00044396025
172 128 5.63875e-05
172 64 5.88226666667e-05
172 32 1.4145e-05
172 16 1.561e-06
172 4 5.9e-08

168 3200 0.00182387440271
168 3072 0.00180492461358
168 2944 0.00178324843342
168 2816 0.00176412955684
168 2688 0.00174274468165
168 2560 0.00171784226676
168 2432 0.00171133023724
168 2304 0.0016643064791
168 2176 0.00163530133416
168 2048 0.00161971123844
168 1920 0.00158277416256
168 1792 0.001880424717
168 1664 0.0014959971286
168 1536 0.00179928862323
168 1408 0.00139727898651
168 1280 0.00134244269184
168 1152 0.00127133046188
168 1024 0.00119518030875
168 896 0.00111016553667
168 768 0.00137336778689
168 640 0.000876946818182
168 512 0.00102950455556
168 384 0.00071621675
168 256 0.00044396025
168 128 5.63875e-05
168 64 5.88226666667e-05
168 32 1.4145e-05
168 16 3.122e-06
168 4 5.9e-08

164 3200 0.00179033975141
164 3072 0.00177207056946
164 2944 0.00175295837686
164 2816 0.00173267045637
164 2688 0.00171129793538
164 2560 0.00168853410176
164 2432 0.00168406356589
164 2304 0.00163677010816
164 2176 0.00160602873895
164 2048 0.00157771477038
164 1920 0.00156022898187
164 1792 0.00152007017243
164 1664 0.00148096198157
164 1536 0.00143807294491
164 1408 0.00138729842232
164 1280 0.00132310378151
164 1152 0.00125630735451
164 1024 0.00117701033784
164 896 0.00109555809539
164 768 0.00100934259036
164 640 0.000861287053571
164 512 0.00074124328
164 384 0.00071621675
164 256 0.00044396025
164 128 5.63875e-05
164 64 4.4117e-05
164 32 1.4145e-05
164 16 3.122e-06
164 4 5.9e-08

160 3200 0.00175795123153
160 3072 0.00173980117125
160 2944 0.0017192493053
160 2816 0.00170081877771
160 2688 0.00168150295496
160 2560 0.00192553506659
160 2432 0.0016539152326
160 2304 0.00162453444926
160 2176 0.00157952175445
160 2048 0.00155280707612
160 1920 0.00153439902101
160 1792 0.00149581033767
160 1664 0.00144987586586
160 1536 0.00141248825204
160 1408 0.00136057288354
160 1280 0.00130585953791
160 1152 0.00123982518805
160 1024 0.00116715262982
160 896 0.00108485231596
160 768 0.000997326607143
160 640 0.000861287053571
160 512 0.000726709098039
160 384 0.0005371625625
160 256 0.00044396025
160 128 5.63875e-05
160 64 5.88226666667e-05
160 32 1.4145e-05
160 16 1.561e-06
160 4 5.9e-08

156 3200 0.00172409316958
156 3072 0.00170722434103
156 2944 0.00168877800316
156 2816 0.00167030906353
156 2688 0.00164949063765
156 2560 0.00162834152385
156 2432 0.00162440411162
156 2304 0.00157868299464
156 2176 0.0015552784628
156 2048 0.00152737288237
156 1920 0.00150799353098
156 1792 0.00147231269698
156 1664 0.00174661063414
156 1536 0.00139593161319
156 1408 0.00134061624935
156 1280 0.00128905900585
156 1152 0.00122907525867
156 1024 0.00114981867987
156 896 0.00107089923151
156 768 0.000985593352941
156 640 0.000846176754386
156 512 0.00074124328
156 384 0.0005729734
156 256 0.00044396025
156 128 5.63875e-05
156 64 4.4117e-05
156 32 1.4145e-05
156 16 3.122e-06
156 4 5.9e-08

152 3200 0.00168971754701
152 3072 0.00167475126266
152 2944 0.00165463124778
152 2816 0.00163717585472
152 2688 0.00161817681185
152 2560 0.00159844215535
152 2432 0.00157835671589
152 2304 0.00154988905717
152 2176 0.00152417839798
152 2048 0.00150024653573
152 1920 0.00148202562269
152 1792 0.00145013209039
152 1664 0.00140561892369
152 1536 0.00137280018156
152 1408 0.00132011404673
152 1280 0.00126829165708
152 1152 0.00120641145957
152 1024 0.00113668861338
152 896 0.00106066771019
152 768 0.000979829649123
152 640 0.00112167616279
152 512 0.00074124328
152 384 0.0005371625625
152 256 0.00044396025
152 128 5.63875e-05
152 64 5.88226666667e-05
152 32 1.4145e-05
152 16 1.561e-06
152 4 5.9e-08

148 3200 0.00165513422746
148 3072 0.00164078809646
148 2944 0.00162312475834
148 2816 0.00160542028857
148 2688 0.00158755078412
148 2560 0.00156636790391
148 2432 0.00154741622444
148 2304 0.00152195190654
148 2176 0.00151399756143
148 2048 0.00147497533279
148 1920 0.00145825940242
148 1792 0.00142347098881
148 1664 0.00138232380081
148 1536 0.00135042285755
148 1408 0.00130350187332
148 1280 0.00124959801587
148 1152 0.00119623077215
148 1024 0.00112567063005
148 896 0.00105062984543
148 768 0.000962936034483
148 640 0.000846176754386
148 512 0.000975320105263
148 384 0.0005371625625
148 256 0.00044396025
148 128 5.63875e-05
148 64 5.88226666667e-05
148 32 2.829e-05
148 16 3.122e-06
148 4 5.9e-08

144 3200 0.00162067100459
144 3072 0.00180755834678
144 2944 0.00158937456343
144 2816 0.00157316757145
144 2688 0.00155552999623
144 2560 0.00153740132224
144 2432 0.00151766546228
144 2304 0.00173147872335
144 2176 0.00146981776911
144 2048 0.00144645042707
144 1920 0.00143055723508
144 1792 0.0013983213247
144 1664 0.00136609132108
144 1536 0.00160932994257
144 1408 0.00127987992834
144 1280 0.00123144743017
144 1152 0.0011763763195
144 1024 0.00142492867076
144 896 0.00103431571739
144 768 0.00126932477273
144 640 0.000846176754386
144 512 0.00100168010811
144 384 0.0005371625625
144 256 0.00044396025
144 128 5.63875e-05
144 64 5.88226666667e-05
144 32 1.4145e-05
144 16 3.122e-06
144 4 5.9e-08

140 3200 0.00158618864279
140 3072 0.00157179674399
140 2944 0.00155518911582
140 2816 0.00153989640316
140 2688 0.00152356165417
140 2560 0.00150497785119
140 2432 0.0015033961872
140 2304 0.00146138254944
140 2176 0.00145590468678
140 2048 0.00141788703002
140 1920 0.00140388794786
140 1792 0.00137404491281
140 1664 0.00133393829662
140 1536 0.00130064617884
140 1408 0.00125913633144
140 1280 0.00150156055858
140 1152 0.00115874670163
140 1024 0.00108703606864
140 896 0.00102162472699
140 768 0.000946615084746
140 640 0.00109618352273
140 512 0.000712733923077
140 384 0.0005371625625
140 256 0.0003551682
140 128 5.63875e-05
140 64 5.88226666667e-05
140 32 1.4145e-05
140 16 3.122e-06
140 4 5.9e-08

136 3200 0.00154900832332
136 3072 0.00153571368776
136 2944 0.00152031361239
136 2816 0.00150643948883
136 2688 0.00148981732939
136 2560 0.00147324076732
136 2432 0.0014730335147
136 2304 0.00143186445301
136 2176 0.00141198887328
136 2048 0.00138989158343
136 1920 0.00137662020137
136 1792 0.00134447882748
136 1664 0.00130673116021
136 1536 0.00127625361822
136 1408 0.00123315415317
136 1280 0.00118765673491
136 1152 0.00113705892914
136 1024 0.00107695536321
136 896 0.00100619232931
136 768 0.000936038379888
136 640 0.00081749279661
136 512 0.000699286113208
136 384 0.0005371625625
136 256 0.0003551682
136 128 5.63875e-05
136 64 5.88226666667e-05
136 32 2.829e-05
136 16 3.122e-06
136 4 5.9e-08

132 3200 0.00151319508975
132 3072 0.00150056034185
132 2944 0.00148576103029
132 2816 0.0016563104642
132 2688 0.00145693021237
132 2560 0.00143994070321
132 2432 0.00142100658186
132 2304 0.00141732076403
132 2176 0.00138119501716
132 2048 0.00136039786283
132 1920 0.00134737135169
132 1792 0.00131810674093
132 1664 0.00128395919692
132 1536 0.0012544085925
132 1408 0.00147556907217
132 1280 0.00117124914984
132 1152 0.00111763479501
132 1024 0.00105574260606
132 896 0.000994178092537
132 768 0.000920609175824
132 640 0.00081749279661
132 512 0.000699286113208
132 384 0.00071621675
132 256 0.0003551682
132 128 5.63875e-05
132 64 5.88226666667e-05
132 32 1.4145e-05
132 16 3.122e-06
132 4 5.9e-08

128 3200 0.00147703168049
128 3072 0.00146584300747
128 2944 0.00145098644904
128 2816 0.00143749062553
128 2688 0.00142267034928
128 2560 0.00140751674426
128 2432 0.00139105228296
128 2304 0.00137043327882
128 2176 0.00135192781777
128 2048 0.00154312914679
128 1920 0.00132078578378
128 1792 0.00129368849037
128 1664 0.0012587333471
128 1536 0.00122932042065
128 1408 0.00118880966565
128 1280 0.00115046497912
128 1152 0.00109886315116
128 1024 0.00131967825758
128 896 0.000979557826471
128 768 0.000910602554348
128 640 0.000803867916667
128 512 0.000699286113208
128 384 0.000661123153846
128 256 0.0003551682
128 128 5.63875e-05
128 64 5.88226666667e-05
128 32 1.4145e-05
128 16 3.122e-06
128 4 5.9e-08

124 3200 0.00143942300585
124 3072 0.0014284231812
124 2944 0.00141422796832
124 2816 0.00140177011059
124 2688 0.00138787729064
124 2560 0.00137367773463
124 2432 0.00135773729251
124 2304 0.00135322591935
124 2176 0.00133433495383
124 2048 0.0013131272714
124 1920 0.00128968352288
124 1792 0.00126295191986
124 1664 0.00123482444553
124 1536 0.00120293349242
124 1408 0.00117089241372
124 1280 0.00112349179409
124 1152 0.00108071166328
124 1024 0.00101869900585
124 896 0.000962571274566
124 768 0.000891228031915
124 640 0.000803867916667
124 512 0.00068633637037
124 384 0.0005371625625
124 256 0.00044396025
124 128 5.63875e-05
124 64 5.88226666667e-05
124 32 1.4145e-05
124 16 3.122e-06
124 4 5.9e-08

120 3200 0.00140203209941
120 3072 0.00139108637639
120 2944 0.00137879377565
120 2816 0.00136566001702
120 2688 0.00135222212582
120 2560 0.00150565926831
120 2432 0.00132302691938
120 2304 0.00130525808448
120 2176 0.00128823394062
120 2048 0.00127082830442
120 1920 0.0012616616034
120 1792 0.00123621118153
120 1664 0.00120487094985
120 1536 0.00118130604588
120 1408 0.00114080340162
120 1280 0.00134244269184
120 1152 0.00105654668199
120 1024 0.00100113522989
120 896 0.000946163809659
120 768 0.000877229685864
120 640 0.000777936693548
120 512 0.000673857527273
120 384 0.0005371625625
120 256 0.00044396025
120 128 0.000112775
120 64 5.88226666667e-05
120 32 2.829e-05
120 16 3.122e-06
120 4 5.9e-08

116 3200 0.00136399526515
116 3072 0.00135314956245
116 2944 0.00134109799086
116 2816 0.00133002268654
116 2688 0.00131711595239
116 2560 0.00130499923868
116 2432 0.0012897802243
116 2304 0.001272921174
116 2176 0.00125592477792
116 2048 0.00123860271175
116 1920 0.00123073220761
116 1792 0.00120606989976
116 1664 0.00117539790348
116 1536 0.00115063203623
116 1408 0.00111782318921
116 1280 0.0010805347549
116 1152 0.00103848605495
116 1024 0.000981394535211
116 896 0.000930306315642
116 768 0.000863664278351
116 640 0.000777936693548
116 512 0.000673857527273
116 384 0.0005371625625
116 256 0.000507383142857
116 128 0.000112775
116 64 5.88226666667e-05
116 32 1.4145e-05
116 16 3.122e-06
116 4 5.9e-08

112 3200 0.00132516468199
112 3072 0.00131563503329
112 2944 0.00130389135819
112 2816 0.00129371595752
112 2688 0.00128183248091
112 2560 0.00126972090874
112 2432 0.00127059645161
112 2304 0.00123878152565
112 2176 0.00122154759991
112 2048 0.00122028890551
112 1920 0.00119859421164
112 1792 0.00136404611796
112 1664 0.00114792820436
112 1536 0.00112482092798
112 1408 0.00109036788281
112 1280 0.00105772116123
112 1152 0.00101252390357
112 1024 0.00119929452668
112 896 0.000914971596154
112 768 0.000854851377551
112 640 0.000765588492063
112 512 0.00088243247619
112 384 0.000661123153846
112 256 0.000507383142857
112 128 0.000112775
112 64 5.88226666667e-05
112 32 1.4145e-05
112 16 3.122e-06
112 4 5.9e-08

108 3200 0.00128601801501
108 3072 0.00127745864599
108 2944 0.00126619922806
108 2816 0.00125607183804
108 2688 0.00124573093302
108 2560 0.00124883545892
108 2432 0.00121953405388
108 2304 0.00135530120703
108 2176 0.00118900222626
108 2048 0.0011751521964
108 1920 0.00116865842022
108 1792 0.00114592162613
108 1664 0.00111859097039
108 1536 0.00109887350173
108 1408 0.00106568877435
108 1280 0.00103293856607
108 1152 0.00120812511222
108 1024 0.000945441139756
108 896 0.000892894533512
108 768 0.00106720299363
108 640 0.000753626171875
108 512 0.000661824357143
108 384 0.00071621675
108 256 0.0003551682
108 128 5.63875e-05
108 64 4.4117e-05
108 32 1.4145e-05
108 16 3.122e-06
108 4 5.9e-08

104 3200 0.00124673515482
104 3072 0.00123797003873
104 2944 0.00122836485703
104 2816 0.00121855985663
104 2688 0.00120813097487
104 2560 0.00119644493776
104 2432 0.00118399228868
104 2304 0.00116866799841
104 2176 0.0011555047125
104 2048 0.0011417045508
104 1920 0.00113481217919
104 1792 0.00111541635265
104 1664 0.00109071589317
104 1536 0.0010722828655
104 1408 0.00103654051568
104 1280 0.00100560716241
104 1152 0.000967599634812
104 1024 0.000920462509908
104 896 0.000876446476316
104 768 0.000817321317073
104 640 0.000742031923077
104 512 0.000650213403509
104 384 0.0005371625625
104 256 0.0003551682
104 128 0.000112775
104 64 5.88226666667e-05
104 32 1.4145e-05
104 16 1.561e-06
104 4 5.9e-08

100 3200 0.00131367165129
100 3072 0.00119896584287
100 2944 0.0011890558377
100 2816 0.00118033907049
100 2688 0.00117019222427
100 2560 0.00116013084706
100 2432 0.00114823925327
100 2304 0.00114861806655
100 2176 0.00113465052391
100 2048 0.00110736889574
100 1920 0.00110287124142
100 1792 0.00108450804324
100 1664 0.00106011307314
100 1536 0.00104179696665
100 1408 0.00101157176628
100 1280 0.00116629148148
100 1152 0.000942926916851
100 1024 0.000899084025806
100 896 0.000856168794344
100 768 0.000805533028846
100 640 0.000910039150943
100 512 0.000628172271186
100 384 0.000505564764706
100 256 0.000322880181818
100 128 0.000112775
100 64 4.4117e-05
100 32 2.829e-05
100 16 1.561e-06
100 4 5.9e-08

96 3200 0.00116648056072
96 3072 0.00126095737246
96 2944 0.00115001303475
96 2816 0.00114120617284
96 2688 0.00113261060299
96 2560 0.00112261125515
96 2432 0.00111100790745
96 2304 0.00109809485636
96 2176 0.00108573454267
96 2048 0.00120695577744
96 1920 0.00106910987689
96 1792 0.00105059717227
96 1664 0.00102758519642
96 1536 0.00116826894666
96 1408 0.000982779401012
96 1280 0.000954238484848
96 1152 0.000921473541712
96 1024 0.00106869650307
96 896 0.000834710929825
96 768 0.000790334292453
96 640 0.000709295220588
96 512 0.000823603644444
96 384 0.000505564764706
96 256 0.0003551682
96 128 5.63875e-05
96 64 5.88226666667e-05
96 32 2.829e-05
96 16 3.122e-06
96 4 5.9e-08

92 3200 0.00112558810953
92 3072 0.00111827339634
92 2944 0.00120809692222
92 2816 0.00110190349107
92 2688 0.00109371940255
92 2560 0.00108432211426
92 2432 0.00107361408014
92 2304 0.00106143014701
92 2176 0.00104986983508
92 2048 0.00103834850615
92 1920 0.00103445961043
92 1792 0.001017578404
92 1664 0.000996769225479
92 1536 0.000978155365503
92 1408 0.000952651277131
92 1280 0.000930080548523
92 1152 0.000895284293684
92 1024 0.000853909460784
92 896 0.000814302349633
92 768 0.000765072465753
92 640 0.00069901557971
92 512 0.000607576459016
92 384 0.000477477833333
92 256 0.0003551682
92 128 5.63875e-05
92 64 4.4117e-05
92 32 2.829e-05
92 16 1.561e-06
92 4 5.9e-08

88 3200 0.00108371123118
88 3072 0.00107709926193
88 2944 0.00106952131733
88 2816 0.00115541224714
88 2688 0.00105407522274
88 2560 0.00104539423452
88 2432 0.00103572286738
88 2304 0.00102427763143
88 2176 0.00101342888893
88 2048 0.0010026783857
88 1920 0.000999491357321
88 1792 0.000983031855921
88 1664 0.000964790815146
88 1536 0.000946100621648
88 1408 0.000925416458011
88 1280 0.000899710571429
88 1152 0.00087054255783
88 1024 0.000830500738975
88 896 0.000792975383333
88 768 0.000747994955357
88 640 0.000679325
88 512 0.000607576459016
88 384 0.000505564764706
88 256 0.00044396025
88 128 5.63875e-05
88 64 5.88226666667e-05
88 32 1.4145e-05
88 16 3.122e-06
88 4 5.9e-08

84 3200 0.00104162237207
84 3072 0.00103534641566
84 2944 0.00102846860057
84 2816 0.00102125656632
84 2688 0.00110282847934
84 2560 0.00100592868897
84 2432 0.000997534573222
84 2304 0.000986397879753
84 2176 0.000976877864013
84 2048 0.000967288147649
84 1920 0.000964681209968
84 1792 0.00106664402935
84 1664 0.000931648369863
84 1536 0.000915200121037
84 1408 0.000894515966033
84 1280 0.000871950514241
84 1152 0.000843769919643
84 1024 0.000806470046296
84 896 0.000935532755618
84 768 0.000895993957219
84 640 0.000669889930556
84 512 0.00058828831746
84 384 0.000613900071429
84 256 0.00044396025
84 128 5.63875e-05
84 64 4.4117e-05
84 32 1.4145e-05
84 16 3.122e-06
84 4 5.9e-08

80 3200 0.000998651116123
80 3072 0.000992798324784
80 2944 0.000986293862997
80 2816 0.000979986019295
80 2688 0.000972835158442
80 2560 0.00105028079717
80 2432 0.00095718916109
80 2304 0.000947751562594
80 2176 0.000938249687037
80 2048 0.000929954658723
80 1920 0.000928264122689
80 1792 0.000913679942022
80 1664 0.00089686985494
80 1536 0.000882151227778
80 1408 0.000861293920732
80 1280 0.000975349955752
80 1152 0.00081389481244
80 1024 0.000782031560045
80 896 0.000746748118834
80 768 0.000706965696203
80 640 0.000651784797297
80 512 0.0005790963125
80 384 0.000477477833333
80 256 0.0003551682
80 128 0.000112775
80 64 4.4117e-05
80 32 2.829e-05
80 16 3.122e-06
80 4 5.9e-08

76 3200 0.000954976869921
76 3072 0.000950028153915
76 2944 0.000943662846208
76 2816 0.000938301322331
76 2688 0.00093167972825
76 2560 0.000924852336189
76 2432 0.000997454795985
76 2304 0.000908207803919
76 2176 0.000899731758801
76 2048 0.000892835105695
76 1920 0.000889872105798
76 1792 0.000878304417756
76 1664 0.000862233570314
76 1536 0.00084875129265
76 1408 0.00082956445969
76 1280 0.000812192667649
76 1152 0.000786062919593
76 1024 0.000754101861472
76 896 0.000724021002174
76 768 0.000686683893443
76 640 0.000634632565789
76 512 0.000561547939394
76 384 0.000477477833333
76 256 0.00044396025
76 128 5.63875e-05
76 64 4.4117e-05
76 32 1.4145e-05
76 16 3.122e-06
76 4 5.9e-08

72 3200 0.000910979558473
72 3072 0.00090647021408
72 2944 0.000900909081883
72 2816 0.000895772247842
72 2688 0.000889822851908
72 2560 0.000883756527054
72 2432 0.000876778542636
72 2304 0.000944577533561
72 2176 0.000860710715199
72 2048 0.000854071597478
72 1920 0.000851660598162
72 1792 0.000841967946572
72 1664 0.00082675734337
72 1536 0.000913883286331
72 1408 0.000797216127758
72 1280 0.000781109461375
72 1152 0.000757364273375
72 1024 0.000728098349007
72 896 0.000698217318658
72 768 0.000801678803828
72 640 0.000618359935897
72 512 0.00068633637037
72 384 0.000452347421053
72 256 0.00044396025
72 128 0.000112775
72 64 5.88226666667e-05
72 32 1.4145e-05
72 16 3.122e-06
72 4 5.9e-08

68 3200 0.000866288185177
68 3072 0.000862155052776
68 2944 0.000857188134893
68 2816 0.000852305507892
68 2688 0.00084700883047
68 2560 0.000841361972472
68 2432 0.000835432699377
68 2304 0.000827839949166
68 2176 0.000891997941901
68 2048 0.000814910897741
68 1920 0.000814112723818
68 1792 0.00080341177848
68 1664 0.000789828750223
68 1536 0.000779005172527
68 1408 0.000763150409136
68 1280 0.000748231805838
68 1152 0.000726319452605
68 1024 0.000698886780341
68 896 0.00067282759798
68 768 0.000641957356322
68 640 0.000595457716049
68 512 0.000537132811594
68 384 0.00042973005
68 256 0.000322880181818
68 128 5.63875e-05
68 64 5.88226666667e-05
68 32 1.4145e-05
68 16 3.122e-06
68 4 5.9e-08

64 3200 0.000821214361015
64 3072 0.000817518879068
64 2944 0.000813023218014
64 2816 0.000808563471806
64 2688 0.000803867683517
64 2560 0.000799105844187
64 2432 0.000793143069571
64 2304 0.000786484788253
64 2176 0.000780245685932
64 2048 0.000842052295063
64 1920 0.000774722283395
64 1792 0.00076558994282
64 1664 0.000753095658433
64 1536 0.000743734056206
64 1408 0.000728445491327
64 1280 0.000715214438676
64 1152 0.000696006611293
64 1024 0.00077680057971
64 896 0.000649219612086
64 768 0.000618268892989
64 640 0.000581109337349
64 512 0.000639002827586
64 384 0.000452347421053
64 256 0.000322880181818
64 128 5.63875e-05
64 64 4.4117e-05
64 32 1.4145e-05
64 16 3.122e-06
64 4 5.9e-08

60 3200 0.000775309625853
60 3072 0.000771700169363
60 2944 0.000767911110554
60 2816 0.000763955126275
60 2688 0.000759636978604
60 2560 0.000755326184527
60 2432 0.000749890257876
60 2304 0.000744103345832
60 2176 0.000738437253687
60 2048 0.000733644622458
60 1920 0.000796882824901
60 1792 0.000725656971068
60 1664 0.000714971941614
60 1536 0.000705720982222
60 1408 0.000692104335412
60 1280 0.000763258621884
60 1152 0.000661883329961
60 1024 0.000640432095588
60 896 0.000619051414498
60 768 0.000589967852113
60 640 0.000660713356164
60 512 0.000500840054054
60 384 0.00042973005
60 256 0.000322880181818
60 128 0.000112775
60 64 5.88226666667e-05
60 32 1.4145e-05
60 16 3.122e-06
60 4 5.9e-08

56 3200 0.000728580548429
56 3072 0.000725652248945
56 2944 0.000721999049138
56 2816 0.00071870975068
56 2688 0.000714982799572
56 2560 0.000711011131067
56 2432 0.000706318652679
56 2304 0.000701163710251
56 2176 0.000695841987963
56 2048 0.000692065534458
56 1920 0.00069176795249
56 1792 0.000744932945827
56 1664 0.000675324093339
56 1536 0.000667173197479
56 1408 0.000655600942194
56 1280 0.000645662243702
56 1152 0.000628617944568
56 1024 0.000608550323144
56 896 0.000590513583333
56 768 0.000566050236486
56 640 0.000530022802198
56 512 0.00058828831746
56 384 0.00042973005
56 256 0.000394631333333
56 128 0.000112775
56 64 8.8234e-05
56 32 2.829e-05
56 16 3.122e-06
56 4 5.9e-08

52 3200 0.000681393767316
52 3072 0.000678658201576
52 2944 0.000675655558088
52 2816 0.000672586135621
52 2688 0.000669191357797
52 2560 0.000665825536601
52 2432 0.000661794267696
52 2304 0.000656897973538
52 2176 0.000652559445943
52 2048 0.000649261227959
52 1920 0.000649272170955
52 1792 0.000643920523233
52 1664 0.000691161900407
52 1536 0.0006280311971
52 1408 0.000617557326312
52 1280 0.000607912548263
52 1152 0.000593938602654
52 1024 0.000574909339934
52 896 0.000557872128978
52 768 0.000537022019231
52 640 0.000502417447917
52 512 0.00046327705
52 384 0.000409266714286
52 256 0.0002959735
52 128 5.63875e-05
52 64 8.8234e-05
52 32 2.829e-05
52 16 3.122e-06
52 4 5.9e-08

48 3200 0.000607718082498
48 3072 0.000660308333652
48 2944 0.00062843218888
48 2816 0.000625925055845
48 2688 0.000622994481403
48 2560 0.000620086346685
48 2432 0.000616457827649
48 2304 0.000612606918342
48 2176 0.000608357969134
48 2048 0.000605820107999
48 1920 0.000606919446543
48 1792 0.000601710494002
48 1664 0.000593617767557
48 1536 0.000638126809109
48 1408 0.000578041009301
48 1280 0.000569878722854
48 1152 0.00055771808459
48 1024 0.00060801930192
48 896 0.000526144804107
48 768 0.000583800940767
48 640 0.00047754529703
48 512 0.000522002309859
48 384 0.000373678304348
48 256 0.000394631333333
48 128 5.63875e-05
48 64 5.88226666667e-05
48 32 2.829e-05
48 16 3.122e-06
48 4 5.9e-08

44 3200 0.000562893649057
44 3072 0.000560296569976
44 2944 0.000557252634904
44 2816 0.000605066970925
44 2688 0.000575988249911
44 2560 0.000573384209256
44 2432 0.00057039123612
44 2304 0.000566770751464
44 2176 0.000563354838577
44 2048 0.000561083060092
44 1920 0.000562177455383
44 1792 0.000557970298292
44 1664 0.000551618606813
44 1536 0.000546129736887
44 1408 0.000584565174191
44 1280 0.000531410535198
44 1152 0.000520514124235
44 1024 0.000505653207547
44 896 0.000492677013314
44 768 0.000474648356941
44 640 0.000455019575472
44 512 0.000416428808989
44 384 0.000358108375
44 256 0.0002959735
44 128 5.63875e-05
44 64 5.88226666667e-05
44 32 2.829e-05
44 16 3.122e-06
44 4 5.9e-08

40 3200 0.000517102757969
40 3072 0.000514861258424
40 2944 0.000512234803184
40 2816 0.000509544603034
40 2688 0.000506900168508
40 2560 0.000549925427485
40 2432 0.000523315351362
40 2304 0.000520279489226
40 2176 0.00051752281001
40 2048 0.000515854581507
40 1920 0.000517340846393
40 1792 0.000513632018171
40 1664 0.000507948008158
40 1536 0.000503154648006
40 1408 0.000496413492971
40 1280 0.000533210183841
40 1152 0.000481335641766
40 1024 0.000468903176312
40 896 0.000458115077029
40 768 0.000444432015915
40 640 0.000423088377193
40 512 0.000394278340426
40 384 0.00034378404
40 256 0.000273206307692
40 128 0.000112775
40 64 8.8234e-05
40 32 1.4145e-05
40 16 3.122e-06
40 4 5.9e-08

36 3200 0.000470329285573
36 3072 0.000484195258033
36 2944 0.000466308598434
36 2816 0.000464114089431
36 2688 0.000479384742344
36 2560 0.000477512788627
36 2432 0.000475529005986
36 2304 0.000494652826822
36 2176 0.00047066295776
36 2048 0.000469354158714
36 1920 0.000470796847221
36 1792 0.000468005836268
36 1664 0.000463382758386
36 1536 0.000459475922836
36 1408 0.000454054422268
36 1280 0.000448756290717
36 1152 0.000479706756345
36 1024 0.000430915349412
36 896 0.000422116173638
36 768 0.000456541880109
36 640 0.000392130691057
36 512 0.00036335454902
36 384 0.000390663681818
36 256 0.000322880181818
36 128 0.000112775
36 64 5.88226666667e-05
36 32 2.829e-05
36 16 3.122e-06
36 4 5.9e-08

32 3200 0.000422530391823
32 3072 0.000433700526186
32 2944 0.000419242661134
32 2816 0.000417457258622
32 2688 0.000415661740879
32 2560 0.000428310028336
32 2432 0.000411473549833
32 2304 0.000408637518681
32 2176 0.000406184019194
32 2048 0.000441097181472
32 1920 0.000423659223365
32 1792 0.000421232928918
32 1664 0.000417517143464
32 1536 0.000414497857733
32 1408 0.000409750588871
32 1280 0.000405946758748
32 1152 0.000399868396333
32 1024 0.00042487202439
32 896 0.000383697766129
32 768 0.000373164521158
32 640 0.000362647180451
32 512 0.000386064208333
32 384 0.000306950035714
32 256 0.0002367788
32 128 0.000112775
32 64 5.88226666667e-05
32 32 2.829e-05
32 16 3.122e-06
32 4 5.9e-08

28 3200 0.000379529526111
28 3072 0.000378264639872
28 2944 0.000371127126986
28 2816 0.000369741330253
28 2688 0.00037934629104
28 2560 0.000366693763095
28 2432 0.000365003651419
28 2304 0.000362786018227
28 2176 0.000360804797545
28 2048 0.000373248423351
28 1920 0.000374974505952
28 1792 0.000390389610216
28 1664 0.00037039560243
28 1536 0.000367846844015
28 1408 0.000364222745663
28 1280 0.000361359163934
28 1152 0.000356612192453
28 1024 0.000349268230576
28 896 0.000372955947368
28 768 0.000335773286573
28 640 0.000325892398649
28 512 0.000303788229508
28 384 0.0002864867
28 256 0.000273206307692
28 128 0.000112775
28 64 8.8234e-05
28 32 2.829e-05
28 16 3.122e-06
28 4 5.9e-08

24 3200 0.00032184933303
24 3072 0.000335538422447
24 2944 0.000326867426664
24 2816 0.00032581938588
24 2688 0.000324633389854
24 2560 0.000323375445864
24 2432 0.000321995527676
24 2304 0.000330043597809
24 2176 0.000318662626327
24 2048 0.000327862096804
24 1920 0.000316867016765
24 1792 0.000326535657284
24 1664 0.000311490382962
24 1536 0.000336829883684
24 1408 0.00031937805406
24 1280 0.000316617480609
24 1152 0.000312921294702
24 1024 0.000307226684303
24 896 0.000302497421435
24 768 0.000319753568702
24 640 0.000287095684524
24 512 0.000301318406504
24 384 0.000252782382353
24 256 0.000253691571429
24 128 0.000112775
24 64 5.88226666667e-05
24 32 2.829e-05
24 16 3.122e-06
24 4 5.9e-08

20 3200 0.000277163305421
20 3072 0.000271269564243
20 2944 0.000270297931086
20 2816 0.000269321271364
20 2688 0.000268290519261
20 2560 0.000279449995798
20 2432 0.000272181541344
20 2304 0.000270954973142
20 2176 0.000269750458096
20 2048 0.000268769602096
20 1920 0.000276445297981
20 1792 0.000267141045155
20 1664 0.000264837737539
20 1536 0.000263037914412
20 1408 0.000260350910355
20 1280 0.000280372793182
20 1152 0.000265953745779
20 1024 0.000261459707317
20 896 0.000258378325058
20 768 0.000252716244344
20 640 0.000265011401099
20 512 0.000236064738854
20 384 0.000220374384615
20 256 0.000186930631579
20 128 5.63875e-05
20 64 8.8234e-05
20 32 2.829e-05
20 16 3.122e-06
20 4 5.9e-08

16 3200 0.000217738282533
16 3072 0.000223729896641
16 2944 0.000219723371895
16 2816 0.00021908108578
16 2688 0.000218371797654
16 2560 0.00022158690895
16 2432 0.000216794277229
16 2304 0.000220129543441
16 2176 0.000214769901431
16 2048 0.000223688585937
16 1920 0.000218851481473
16 1792 0.000217896874518
16 1664 0.000216339019037
16 1536 0.000221460559275
16 1408 0.00021322550199
16 1280 0.000217643256319
16 1152 0.000209024349717
16 1024 0.000222901509917
16 896 0.000211191922004
16 768 0.000208137726708
16 640 0.000204373199153
16 512 0.000211783794286
16 384 0.000182863851064
16 256 0.0001775841
16 128 0.000112775
16 64 5.88226666667e-05
16 32 2.829e-05
16 16 3.122e-06
16 4 5.9e-08

12 3200 0.000166343785626
12 3072 0.000167809963863
12 2944 0.000165481232529
12 2816 0.000165009204435
12 2688 0.000166676682466
12 2560 0.000166220086974
12 2432 0.000165734376498
12 2304 0.000167626022432
12 2176 0.000164526601727
12 2048 0.000164069646048
12 1920 0.000167153862761
12 1792 0.000166613230445
12 1664 0.000165717180799
12 1536 0.000168638521285
12 1408 0.000163848384794
12 1280 0.000161794693188
12 1152 0.000165342161547
12 1024 0.000163489000469
12 896 0.000162542538311
12 768 0.00016755087
12 640 0.00015813795082
12 512 0.000153149438017
12 384 0.000156265472727
12 256 0.00014798675
12 128 5.63875e-05
12 64 5.88226666667e-05
12 32 1.4145e-05
12 16 3.122e-06
12 4 5.9e-08

8 3200 0.000110500722292
8 3072 0.000111882368317
8 2944 0.000110776753836
8 2816 0.000111412441965
8 2688 0.000110174929481
8 2560 0.000111821720738
8 2432 0.000110512101659
8 2304 0.000111226536776
8 2176 0.000109711645165
8 2048 0.000111889607929
8 1920 0.000110743274931
8 1792 0.000111835847956
8 1664 0.000109753997592
8 1536 0.000112468814308
8 1408 0.000110149881823
8 1280 0.000111462929814
8 1152 0.000108720449827
8 1024 0.000112132301255
8 896 0.000108520580319
8 768 0.000110303403555
8 640 0.000105772094298
8 512 0.000110964562874
8 384 0.000103549409639
8 256 0.000104461235294
8 128 5.63875e-05
8 64 5.88226666667e-05
8 32 2.829e-05
8 16 3.122e-06
8 4 5.9e-08

4 3200 5.49968294371e-05
4 3072 5.50853490027e-05
4 2944 5.49709553372e-05
4 2816 5.50672910588e-05
4 2688 5.49527407049e-05
4 2560 5.50491668294e-05
4 2432 5.57954260605e-05
4 2304 5.58878259729e-05
4 2176 5.48785409719e-05
4 2048 5.52049753967e-05
4 1920 5.56716143397e-05
4 1792 5.62811019737e-05
4 1664 5.60614745606e-05
4 1536 5.62493476605e-05
4 1408 5.60080107058e-05
4 1280 5.620610179e-05
4 1152 5.60179199763e-05
4 1024 5.60887160911e-05
4 896 5.59089576968e-05
4 768 5.6206262999e-05
4 640 5.56952367206e-05
4 512 5.59006998492e-05
4 384 5.50935961538e-05
4 256 5.46412615385e-05
4 128 5.63875e-05
4 64 3.52936e-05
4 32 2.829e-05
4 16 3.122e-06
4 4 5.9e-08
