250 1
500 1
750 1
1000    1
1250    1
1500    1
1750    1
2000    1
2250    1
2500    1
2750    1
3000    1
3250    1
3500    1
3750    1
4000    1
4250    1
4500    1
4750    1
5000    1
250 16
500 16
750 16
1000    16
1250    16
1500    16
1750    16
2000    16
2250    16
2500    16
2750    16
3000    16
3250    16
3500    16
3750    16
4000    16
4250    16
4500    16
4750    16
5000    16
250 32
500 32
750 32
1000    32
1250    32
1500    32
1750    32
2000    32
2250    32
2500    32
2750    32
3000    32
3250    32
3500    32
3750    32
4000    32
4250    32
4500    32
4750    32
5000    32
250 64
500 64
750 64
1000    64
1250    64
1500    64
1750    64
2000    64
2250    64
2500    64
2750    64
3000    64
3250    64
3500    64
3750    64
4000    64
4250    64
4500    64
4750    64
5000    64
250 128
500 128
750 128
1000    128
1250    128
1500    128
1750    128
2000    128
2250    128
2500    128
2750    128
3000    128
3250    128
3500    128
3750    128
4000    128
4250    128
4500    128
4750    128
5000    128
250 256
500 256
750 256
1000    256
1250    256
1500    256
1750    256
2000    256
2250    256
2500    256
2750    256
3000    256
3250    256
3500    256
3750    256
4000    256
4250    256
4500    256
4750    256
5000    256
250 384
500 384
750 384
1000    384
1250    384
1500    384
1750    384
2000    384
2250    384
2500    384
2750    384
3000    384
3250    384
3500    384
3750    384
4000    384
4250    384
4500    384
4750    384
5000    384