250 512
500 512
750 512
1000    512
1250    512
1500    512
1750    512
2000    512
2250    512
2500    512
2750    512
3000    512
3250    512
3500    512
3750    512
4000    512
4250    512
4500    512
4750    512
5000    512
250 512
500 512
750 512
1000    512
1250    512
1500    512
1750    512
2000    512
2250    512
2500    512
2750    512
3000    512
3250    512
3500    512
3750    512
4000    512
4250    512
4500    512
4750    512
5000    512
250 640
500 640
750 640
1000    640
1250    640
1500    640
1750    640
2000    640
2250    640
2500    640
2750    640
3000    640
3250    640
3500    640
3750    640
4000    640
4250    640
4500    640
4750    640
5000    640
250 768
500 768
750 768
1000    768
1250    768
1500    768
1750    768
2000    768
2250    768
2500    768
2750    768
3000    768
3250    768
3500    768
3750    768
4000    768
4250    768
4500    768
4750    768
5000    768
250 896
500 896
750 896
1000    896
1250    896
1500    896
1750    896
2000    896
2250    896
2500    896
2750    896
3000    896
3250    896
3500    896
3750    896
4000    896
4250    896
4500    896
4750    896
5000    896
250 1024
500 1024
750 1024
1000    1024
1250    1024
1500    1024
1750    1024
2000    1024
2250    1024
2500    1024
2750    1024
3000    1024
3250    1024
3500    1024
3750    1024
4000    1024
4250    1024
4500    1024
4750    1024
5000    1024